75.0616 0.0148327 0.00667844 0.0148327 0.00667844
78.9507 0.0140776 0.00646645 0.0133225 0.00625445
83.0413 0.0134219 0.00626936 0.0121107 0.00587519
87.3438 0.0128385 0.00611806 0.011088 0.00566415
91.8693 0.0122821 0.00598807 0.0100568 0.00546811
96.6296 0.0117715 0.00584827 0.00921855 0.00514928
101.636 0.0112923 0.00570529 0.0084167 0.0048474
106.902 0.0108508 0.00556794 0.00776029 0.00460648
112.44 0.0104378 0.00543954 0.00713418 0.00441237
118.266 0.010049 0.00531109 0.00654953 0.00415503
124.394 0.00968265 0.00517071 0.00601932 0.00376687
130.839 0.00930679 0.00503035 0.00517233 0.0034864
137.618 0.00889062 0.00487858 0.00389657 0.00305744
144.749 0.00849175 0.00469514 0.00330635 0.00231039
152.248 0.00811648 0.00451757 0.00286274 0.00203148
160.136 0.00776968 0.00435635 0.00256777 0.00193811
168.434 0.00744747 0.00421209 0.00229213 0.00190393
177.16 0.00714911 0.00405925 0.00207689 0.00146091
186.339 0.00687323 0.00391726 0.00190743 0.00136147
195.994 0.00661427 0.00378315 0.00169411 0.00123507
206.149 0.00637227 0.00365683 0.00153226 0.00113052
216.83 0.00614743 0.00354445 0.00142562 0.00118431
228.064 0.00593684 0.00343091 0.00130398 0.00093303
239.881 0.00573899 0.00332653 0.0011885 0.00092591
252.31 0.00555262 0.00322392 0.00107969 0.000761294
265.383 0.00537737 0.00313328 0.000996104 0.000867302
279.133 0.0052127 0.00304861 0.000931338 0.000847041
293.595 0.005057 0.00296916 0.000852892 0.000824178
308.807 0.00490965 0.002889 0.000784028 0.000644421
324.807 0.0047703 0.00281666 0.00072919 0.000718951
341.636 0.00463761 0.00273977 0.000656862 0.000433089
359.337 0.004512 0.00266557 0.000618083 0.000365098
377.955 0.00439268 0.00260191 0.000574314 0.000564881
397.537 0.00427913 0.0025361 0.000532047 0.000364386
418.135 0.00417095 0.0024744 0.000492958 0.000376646
439.8 0.00406798 0.00241667 0.000463782 0.000396066
462.587 0.00396949 0.00236364 0.000424158 0.000454425
486.554 0.00387549 0.00231099 0.000397216 0.000363204
511.763 0.00378554 0.00225881 0.000367525 0.000275914
538.279 0.00369966 0.0022086 0.000350515 0.000250554
566.169 0.00361731 0.00216038 0.000323033 0.00023139
595.503 0.00353853 0.00211471 0.000308873 0.000242291
626.357 0.00346292 0.00207226 0.00028697 0.00028945
658.81 0.00339039 0.00202889 0.000271611 0.000163657
692.945 0.00332072 0.0019918 0.000255228 0.000360114
728.848 0.00325392 0.00195163 0.000248157 0.000144116
766.611 0.00318951 0.00191698 0.000226606 0.000322852
806.33 0.00312763 0.00187938 0.000219171 0.000112052
848.109 0.00306828 0.00184376 0.000219579 0.000133937
892.051 0.0030109 0.00180853 0.000198989 8.23826e-05
1032.1 0.00295534 0.00177481 0.000177733 8.90103e-05
1086.8 0.00290196 0.00174672 0.000179249 0.000314109
1144.39 0.00285026 0.00171693 0.000161955 0.000167937
1205.04 0.0028005 0.00168737 0.000163089 0.000120234
1268.9 0.00275247 0.00165868 0.000158847 0.000109525
1336.14 0.00270599 0.00162988 0.000149762 4.59419e-05
1406.95 0.00266113 0.0016039 0.000148817 0.000149305
1481.52 0.0026177 0.0015812 0.000142148 0.000287364
1560.03 0.00257564 0.00155584 0.000136531 8.45928e-05
1642.71 0.00253497 0.00153065 0.000135452 4.46658e-05
1729.77 0.00249561 0.00150657 0.000133984 6.1374e-05
1821.44 0.00245759 0.00148297 0.000138226 4.35254e-05
1917.96 0.00242059 0.00146031 0.000126725 5.52331e-05
2019.61 0.00238487 0.00143831 0.000134232 5.27276e-05
2126.65 0.00235019 0.00141713 0.00013058 6.1376e-05
2239.34 0.00231657 0.00139623 0.000131524 3.79286e-05
2358.02 0.00228389 0.00137666 0.000126851 8.48351e-05
2482.98 0.00225221 0.00135814 0.000129794 0.000117108
2614.57 0.00222139 0.00134026 0.000125746 0.000124554
2753.14 0.00219149 0.00132195 0.000128341 5.90271e-05
2899.04 0.00216241 0.00130476 0.00012677 0.000101138
3052.68 0.00213413 0.00128831 0.000126098 0.000120398
3214.46 0.00210668 0.00127183 0.000130065 8.49111e-05
3384.81 0.00208 0.00125535 0.000132389 5.24802e-05
3564.2 0.002054 0.00123924 0.000130077 4.69087e-05
