225.393 0.0132698 0.0068524 0.0132698 0.0068524
237.071 0.0128246 0.00658717 0.0123795 0.00632193
249.354 0.0123368 0.00641075 0.0113612 0.00605792
262.274 0.0118789 0.00623427 0.0105051 0.00570483
275.862 0.0114569 0.0061066 0.00976893 0.00559592
290.157 0.0110223 0.00595899 0.00884926 0.00522095
305.19 0.010619 0.00580868 0.00819911 0.00490679
321.002 0.0100944 0.00562938 0.00642232 0.00437429
337.633 0.00953384 0.00539767 0.00504944 0.00354399
355.126 0.00902108 0.00517036 0.00440623 0.00312453
373.527 0.00856241 0.00496457 0.00397567 0.00290675
392.879 0.00813725 0.00475483 0.00346059 0.00244765
413.235 0.00775212 0.00456219 0.00313046 0.00225046
434.647 0.00739914 0.0043891 0.00281038 0.00213892
457.167 0.00707674 0.00422442 0.00256321 0.00191893
480.853 0.00678049 0.00406798 0.00233673 0.00172146
505.767 0.0065061 0.00391968 0.00211583 0.00154675
531.972 0.0062514 0.00378402 0.00192158 0.00147785
559.535 0.00601566 0.00366148 0.00177237 0.00145579
588.526 0.00579501 0.00354357 0.00160253 0.00130322
619.019 0.00558905 0.00342882 0.00146999 0.00113381
651.092 0.00539637 0.00331497 0.0013499 0.000924197
684.825 0.00521634 0.00321401 0.00125577 0.000992941
720.307 0.00504663 0.00311573 0.00114332 0.000855135
757.63 0.00488729 0.00302493 0.00106304 0.000845716
796.885 0.00473646 0.00294086 0.000965671 0.00083913
838.171 0.00459482 0.00285732 0.000912347 0.000685502
881.599 0.00446093 0.00277655 0.000845776 0.000595753
927.277 0.0043338 0.00269756 0.000774354 0.000485808
975.323 0.00421314 0.00262469 0.000713952 0.000511341
1025.86 0.0040984 0.00255526 0.000656246 0.000472521
1079.01 0.0039894 0.00249439 0.000610137 0.00060725
1134.91 0.00388559 0.00242952 0.00056365 0.000353565
1193.71 0.00378688 0.00236858 0.000529508 0.00035769
1255.56 0.0036931 0.00231256 0.000504788 0.000407794
1320.62 0.00360299 0.00225767 0.000448991 0.000336517
1389.04 0.00351717 0.0022044 0.000427596 0.000286674
1461.01 0.00343498 0.00215212 0.000393875 0.000217987
1536.71 0.00335631 0.00210472 0.000366912 0.000303428
1616.33 0.00328086 0.00205833 0.00033846 0.000249097
1700.08 0.00320881 0.00201267 0.000326815 0.000186362
1788.16 0.00313982 0.00197305 0.000311029 0.000348425
1880.81 0.00307339 0.00193049 0.000283556 0.000142881
1978.26 0.00300977 0.00189247 0.000274018 0.000257747
2080.76 0.00294849 0.00185571 0.000252408 0.000238297
2188.56 0.00288976 0.00181822 0.000246885 0.000131259
2301.96 0.00283322 0.00178278 0.000232262 0.000152333
2421.23 0.0027788 0.00174906 0.00022086 0.000164174
2546.68 0.00272638 0.00171834 0.000210123 0.000244224
2678.62 0.00267583 0.00168695 0.00019904 0.000148654
3099.15 0.00262682 0.00165547 0.000176457 8.11795e-05
3263.41 0.00257956 0.0016258 0.000169371 0.000112972
3436.34 0.00253405 0.00159685 0.000167595 9.11831e-05
3618.46 0.00249004 0.00157158 0.000157537 0.000232631
3810.21 0.00244761 0.00154601 0.000155959 0.000164869
4012.13 0.00240658 0.00151963 0.000150244 6.88488e-05
4224.76 0.00236697 0.0014949 0.000148541 0.000110213
4448.66 0.00232863 0.00147013 0.000143387 5.83349e-05
4684.42 0.00229155 0.00144942 0.000141102 0.000247824
4932.69 0.00225565 0.00142629 0.00013738 6.16905e-05
5194.09 0.00222085 0.00140521 0.00013286 0.000140403
5469.35 0.00218718 0.00138429 0.000133592 0.000108561
5759.21 0.00215463 0.00136469 0.000136304 0.000149036
6064.42 0.00212302 0.0013441 0.00013182 4.69872e-05
6385.83 0.00209239 0.00132546 0.000131726 0.000132535
6724.23 0.00206265 0.00130609 0.000129732 4.73116e-05
7080.6 0.0020338 0.00128832 0.000129243 0.000115374
7455.82 0.00200573 0.00127039 0.000125452 6.88014e-05
7850.97 0.0019785 0.00125286 0.000126968 6.08488e-05
8267.04 0.00195201 0.00123602 0.000123863 7.42567e-05
8705.15 0.00192635 0.00122526 0.000130441 0.000471924
9166.5 0.00190138 0.00120904 0.000128672 5.72993e-05
9652.28 0.00187708 0.0011932 0.000126937 5.32676e-05
10163.8 0.00185344 0.00117875 0.000128114 0.000123725
10702.5 0.00183044 0.00116456 0.000128364 0.000114399
