150.227 0.0138679 0.00653236 0.0138679 0.00653236
158.011 0.0131465 0.00634612 0.0124251 0.00615987
166.198 0.0125855 0.00624066 0.0114633 0.00602974
174.809 0.0120716 0.00603063 0.0105298 0.00540057
183.866 0.0116107 0.00597089 0.00976721 0.00573193
193.393 0.0111713 0.00582347 0.00897421 0.00508634
203.413 0.0107636 0.0056881 0.00831778 0.00487586
213.952 0.0103805 0.00555494 0.00769897 0.00462285
225.037 0.0100133 0.00541955 0.0070755 0.00433647
236.696 0.00953018 0.00522028 0.00518193 0.00342679
248.96 0.00906225 0.00503495 0.00438298 0.00318166
261.859 0.0086191 0.00484416 0.00374439 0.0027455
275.427 0.00820804 0.0046581 0.00327536 0.00242537
289.698 0.0078325 0.00448057 0.00295046 0.00217272
304.708 0.00748887 0.00431975 0.00267801 0.00206827
320.495 0.00717137 0.00417396 0.00240895 0.00198707
337.1 0.00687725 0.00402972 0.00217125 0.00172186
354.566 0.00660622 0.00389256 0.00199869 0.00156093
372.937 0.0063535 0.0037522 0.00180469 0.00122564
392.26 0.00611906 0.0036249 0.00166463 0.00120625
412.584 0.00589988 0.0035042 0.0015163 0.00109018
433.961 0.0056946 0.00340083 0.00138379 0.00123001
456.445 0.00550283 0.00329425 0.00128385 0.000949611
480.094 0.00532228 0.00319703 0.00116962 0.000960829
504.97 0.00515197 0.00310729 0.00106438 0.000953487
531.134 0.00499157 0.00301934 0.000981724 0.000820747
558.652 0.00484046 0.00292906 0.000911621 0.000581745
587.597 0.00469761 0.00284744 0.000840508 0.000643585
618.042 0.00456284 0.00276965 0.000789335 0.000591507
650.065 0.00443447 0.00269283 0.000711642 0.000465192
683.746 0.00431301 0.00262337 0.000669409 0.000539415
719.171 0.00419793 0.00255586 0.000630311 0.000463162
756.433 0.00408806 0.00249381 0.000572182 0.000508364
795.626 0.00398326 0.002429 0.000524904 0.000290148
836.85 0.00388367 0.00237317 0.000497657 0.000474866
880.209 0.00378839 0.0023172 0.000453705 0.000358426
925.815 0.00369753 0.00226417 0.000426499 0.000354938
973.782 0.00361052 0.00221208 0.00039109 0.000284874
1024.24 0.00352726 0.00216194 0.000363336 0.000256678
1077.3 0.00344769 0.00211497 0.000344575 0.000283088
1133.12 0.00337158 0.00206912 0.000327142 0.000235141
1191.83 0.00329857 0.00202462 0.000305218 0.000199792
1253.58 0.00322831 0.00198534 0.000277507 0.000335792
1318.53 0.00316102 0.00194563 0.000267443 0.000238054
1386.85 0.00309654 0.00190592 0.000259143 0.000158826
1458.71 0.00303442 0.00186703 0.000239206 0.000116825
1534.28 0.00297473 0.00183219 0.000229048 0.000229749
1613.78 0.00291738 0.00179721 0.000221904 0.000152797
1697.39 0.00286212 0.00176332 0.000209499 0.000136864
1785.34 0.00280883 0.00173039 0.000197896 0.000116717
2065.62 0.00275723 0.00170395 0.000177292 0.000381742
2175.1 0.00270754 0.00167335 0.000173041 0.000113088
2290.36 0.00265963 0.00164293 0.000168393 6.09621e-05
2411.75 0.00261335 0.00161658 0.000160613 0.000220079
2539.55 0.00256864 0.00158996 0.000154412 0.000152574
2674.14 0.00252548 0.0015632 0.000151312 9.12566e-05
2815.86 0.00248375 0.00154021 0.000146985 0.000252766
2965.09 0.00244341 0.00151638 0.000144091 0.000158209
3122.23 0.00240438 0.00149278 0.000140791 0.000123775
3287.7 0.00236668 0.00146963 0.00014226 0.000104179
3461.93 0.00233024 0.00144696 0.000144021 8.61982e-05
3645.39 0.00229484 0.00142523 0.000135271 9.99786e-05
3838.59 0.00226058 0.00140643 0.000136168 0.00024109
4042.01 0.00222724 0.00138543 0.000127252 6.24497e-05
4256.24 0.00219501 0.00136491 0.00013206 5.14421e-05
4481.78 0.00216371 0.00134501 0.000129253 5.14085e-05
4719.31 0.00213336 0.00132826 0.000129945 0.000222533
4969.4 0.00210386 0.00130952 0.000127448 5.4081e-05
5232.77 0.00207523 0.00129096 0.000128808 2.89492e-05
5510.09 0.00204746 0.0012728 0.000130967 2.00237e-05
5802.09 0.00202038 0.00125681 0.000125069 0.000137235
6109.59 0.00199417 0.00124001 0.000133225 4.7082e-05
6433.37 0.00196868 0.00122364 0.000133641 4.53969e-05
6774.31 0.00194381 0.00120762 0.000128328 3.76921e-05
7133.33 0.00191951 0.00119304 0.000120828 0.000114671
