15.1186 0.000119202 0.445341 0.000834411 3.11739
15.9019 0.00109582 0.405864 0.00793214 0.129527
16.7258 0.00180551 0.386532 0.00748306 0.231871
17.5924 0.00232854 0.370567 0.00703578 0.226882
18.5039 0.00271417 0.339978 0.00657043 0.0340918
19.4626 0.00297868 0.325866 0.00588831 0.170636
20.471 0.00315973 0.302297 0.00533233 0.0194624
21.5317 0.00328278 0.29054 0.00488251 0.137699
22.6473 0.00334716 0.276631 0.00424839 0.0819101
23.8207 0.00328113 0.259763 0.00229068 0.00674088
25.0549 0.00331269 0.24482 0.00381761 0.00573086
26.353 0.00331759 0.232533 0.00340094 0.023648
27.7185 0.003247 0.220439 0.00197635 0.00276288
29.1546 0.00317846 0.209495 0.00187632 0.00154097
30.6652 0.00310604 0.199959 0.00165758 0.00924829
32.2541 0.00304571 0.190931 0.00177882 0.0013533
33.9251 0.00298159 0.182793 0.00157093 0.00373932
35.6829 0.00291645 0.175244 0.00141827 0.00161209
37.5318 0.00284164 0.169112 0.00104606 0.0219554
39.4764 0.00277381 0.162642 0.0010782 0.000896988
41.5217 0.0027077 0.156658 0.000988791 0.00106958
43.673 0.00264304 0.151092 0.000897274 0.000821453
45.9358 0.00258012 0.145899 0.000818157 0.000477814
48.3159 0.00251876 0.141055 0.000739566 0.000578673
50.8193 0.00245876 0.136516 0.000658588 0.000358204
53.4522 0.00240138 0.132269 0.000622543 0.000607673
56.2217 0.00234611 0.128274 0.000577528 0.000440702
59.1347 0.00228634 0.124512 0.000313887 0.000350488
62.1987 0.00223576 0.121143 0.000516016 0.00661184
65.4213 0.00218688 0.117793 0.000476151 0.000539865
68.8109 0.00213359 0.114615 0.00021526 0.000186775
72.3761 0.00208129 0.111601 0.000146219 0.000109048
76.1261 0.00203745 0.108746 0.000371603 0.000229446
80.0703 0.00199459 0.106124 0.000322824 0.00389068
84.2191 0.00195381 0.103549 0.000322522 0.000529667
88.5826 0.00191462 0.101086 0.000307783 0.000121674
93.1722 0.00187663 0.0987545 0.000281095 0.000822937
97.9996 0.00184021 0.0965134 0.000274262 0.000145612
103.077 0.00180511 0.0943709 0.000260815 0.000101315
108.418 0.00177112 0.0923213 0.000241594 8.94925e-05
114.035 0.00173836 0.0903593 0.000231363 0.000106838
119.944 0.00170686 0.0884807 0.000226332 0.000189504
126.158 0.00167631 0.0866785 0.000210105 0.000169012
132.695 0.00164669 0.0849507 0.00019489 0.000288464
153.527 0.00161777 0.0832897 0.000171877 0.000241345
161.664 0.00158996 0.0816895 0.000171593 7.74382e-05
170.231 0.00156309 0.0801498 0.00016597 8.57838e-05
179.253 0.00153708 0.0786663 0.000158672 4.40416e-05
188.752 0.00151197 0.0772376 0.00015577 8.79888e-05
198.755 0.00148763 0.07586 0.00014892 8.84579e-05
209.288 0.0014641 0.0745299 0.000146372 4.52629e-05
220.38 0.00144135 0.0732458 0.000144871 5.50102e-05
232.059 0.00141933 0.0720063 0.000141865 0.000110044
244.358 0.00139803 0.0708083 0.000141355 0.00012935
257.307 0.00137743 0.0696482 0.000141606 4.27632e-05
270.943 0.00135742 0.0685265 0.000137179 0.000100933
285.302 0.00133795 0.0674433 0.000130295 0.00028426
300.422 0.00131913 0.0663902 0.000133784 4.67163e-05
316.344 0.00130086 0.0653723 0.000131306 0.000224475
333.108 0.0012832 0.0643836 0.00013554 0.000120854
350.762 0.00126593 0.0634244 0.000126141 0.000119899
369.35 0.00124918 0.0624941 0.000127088 0.000159947
388.924 0.00123291 0.0615912 0.000126612 0.000192769
409.536 0.00121714 0.0607118 0.000128853 3.77061e-05
431.239 0.00120178 0.0598579 0.000126529 8.15436e-05
454.094 0.0011869 0.059027 0.000130379 3.11907e-05
478.158 0.00117238 0.0582205 0.000126677 0.000158044
503.499 0.00115825 0.0574346 0.000126753 6.48251e-05
530.183 0.00114453 0.0566698 0.000129203 6.81992e-05
