0 0.0193199 -0.5
1 0.0136023 0.5
2 0.0302648 1.5
3 0.0275234 2.5
4 0.0279445 3.5
5 0.0331108 4.5
6 0.0413451 5.5
7 0.0538549 6.5
8 0.0681474 7.5
9 0.0870101 8.5
10 0.121818 9.5
11 0.165387 10.5
12 0.234435 11.5
13 0.31192 12.5
14 0.405174 13.5
15 0.501299 14.5
16 0.584422 15.5
17 0.652174 16.5
18 0.693781 17.5
19 0.709489 18.5
20 0.72309 19.5
21 0.717572 20.5
22 0.714577 21.5
23 0.713051 22.5
24 0.709173 23.5
25 0.713675 24.5
26 0.702405 25.5
27 0.704479 26.5
28 0.719298 27.5
29 0.719312 28.5
30 0.712668 29.5
31 0.71544 30.5
32 0.709442 31.5
33 0.706961 32.5
34 0.717949 33.5
35 0.695446 34.5
36 0.711788 35.5
37 0.706754 36.5
38 0.710919 37.5
39 0.715409 38.5
40 0.736264 39.5
41 0.678848 40.5
42 0.684564 41.5
43 0.684 42.5
44 0.702317 43.5
45 0.722477 44.5
46 0.720812 45.5
47 0.689655 46.5
48 0.693333 47.5
49 0.7125 48.5
50 0.783217 49.5
