0 0.0201063 -0.5
1 0.0149956 0.5
2 0.0337691 1.5
3 0.0287055 2.5
4 0.0312136 3.5
5 0.0383436 4.5
6 0.0476403 5.5
7 0.0574452 6.5
8 0.0684567 7.5
9 0.0822022 8.5
10 0.106631 9.5
11 0.150634 10.5
12 0.198088 11.5
13 0.268829 12.5
14 0.366632 13.5
15 0.477242 14.5
16 0.548435 15.5
17 0.612944 16.5
18 0.646002 17.5
19 0.656212 18.5
20 0.659178 19.5
21 0.663977 20.5
22 0.683382 21.5
23 0.669836 22.5
24 0.676877 23.5
25 0.682564 24.5
26 0.677355 25.5
27 0.661344 26.5
28 0.664328 27.5
29 0.664389 28.5
30 0.648715 29.5
31 0.660682 30.5
32 0.654758 31.5
33 0.651572 32.5
34 0.639652 33.5
35 0.653226 34.5
36 0.670051 35.5
37 0.650474 36.5
38 0.657502 37.5
39 0.665881 38.5
40 0.644356 39.5
41 0.687708 40.5
42 0.681879 41.5
43 0.642667 42.5
44 0.672014 43.5
45 0.626147 44.5
46 0.621827 45.5
47 0.623563 46.5
48 0.617778 47.5
49 0.583333 48.5
50 0.531469 49.5
