10
0 53 10.95
1000411010 -0.527442 0.176034 -0.965785
1000250620 1.20987 -0.778748 46.5882
1000110330 -0.354533 0.477136 24.3179
1000040060 -0.202374 0.450822 4.34504
1000020030 0.193062 -0.0107028 2.0541
1000020030 0.124915 -0.368162 2.59541
1000010020 -0.134787 0.0866061 1.3917
2212 0.0433538 0.0564548 0.823463
2212 -0.238654 -0.154933 0.574021
2212 -0.0915073 -0.0138292 0.942691
2212 -0.098766 -0.104955 0.306824
2212 0.00444526 0.074532 -0.271796
2212 0.0735577 0.0913198 0.102508
2212 -0.0748445 0.0956594 -0.08375
2212 0.000382398 0.0978498 0.237927
2212 0.118901 0.168787 -0.20432
2212 0.0759632 0.108343 0.0325055
2212 0.113918 -0.396274 0.461666
2212 -0.111571 -0.0530998 -0.0412167
2212 -0.0695984 -0.024897 0.798983
2212 -0.0387937 -0.110436 0.85882
2112 -0.0339418 0.0337544 0.877458
2112 0.00234894 -0.0838101 0.525173
2112 0.10487 -0.0230985 0.663159
2112 0.102505 -0.100312 1.01959
2112 -0.129474 -0.0669135 0.84921
2112 0.0644892 -0.113275 0.907467
2112 -0.0661094 0.120394 0.763581
2112 -0.0204689 0.333456 0.2177
2112 -0.0680009 -0.027789 0.00647925
2112 0.0690106 -0.0572993 0.74845
2112 -0.122387 -0.0429668 -0.0635669
2112 -0.255827 -0.158229 -0.0288969
2112 0.123222 -0.0371487 0.836034
2112 -0.0382409 -0.0633894 0.0479276
2112 0.0413248 -0.120495 0.063835
2112 0.0108052 0.0610832 0.830794
2112 0.0672167 -0.101064 -0.137489
2112 0.0798408 0.101655 0.135151
2112 -0.19702 -0.061616 1.12289
2112 -0.0174736 0.248384 0.0143255
2112 -0.0207405 -0.0483325 0.951857
2112 -0.0497451 -0.0368488 0.71916
2112 0.094823 0.0916823 0.0330376
2112 -0.0322945 0.00736795 0.0655143
2112 0.231734 0.0709996 0.249006
2112 -0.147841 -0.111023 0.0719138
2112 0.108907 0.228698 0.644026
2112 -0.118745 -0.00106919 -0.0849257
2112 0.0614676 0.0233117 0.94389
2112 -0.0277007 0.121155 0.784875
2112 0.0660753 0.0496259 0.916523
2112 0.101869 -0.104394 0.752623
1 115 7.81
1000250750 1.82415 0.564896 57.2346
1000070160 0.547714 0.459984 -0.23867
1000060100 -0.464343 -0.318628 -0.0148162
1000030120 -0.337898 0.0656207 -0.20653
1000030090 0.157359 -0.10937 -0.361226
1000030060 -0.0769225 -0.213403 3.6355
1000020030 -0.0682297 0.209582 -0.0649209
1000010030 0.202038 -0.284806 0.162328
1000010030 -0.218152 0.421108 0.421042
1000010030 -0.255263 0.368576 0.436245
1000010030 -0.14806 -0.0704549 -0.000196533
1000010020 0.0959272 -0.266655 1.44275
1000010020 0.13547 -0.21148 1.36707
1000010020 0.269802 0.288872 0.325945
1000010020 -0.00264803 -0.10354 0.561859
1000010020 -0.0390107 -0.0489663 -0.0149164
1000010020 -0.104977 -0.0915834 -0.173754
1000010020 -0.159193 0.347957 0.0455217
1000010020 0.0705179 0.0774736 1.42906
1000010020 0.0327327 -0.0340287 1.64086
2212 -0.0973577 0.0160657 0.519146
2212 0.0149181 -0.362763 0.585181
2212 0.221322 0.0879773 0.0295732
2212 -0.0380773 0.520987 0.392233
2212 0.00988609 -0.115517 0.277802
2212 0.143124 0.052124 0.538937
2212 -0.0374745 0.162852 0.229397
2212 0.158098 -0.0205513 0.628582
2212 -0.144064 0.108378 0.0477973
2212 -0.225643 -0.0528835 0.221166
2212 0.0607081 0.0125812 0.0748652
2212 -0.599481 0.0741346 0.268848
2212 0.473935 0.00949683 0.935054
2212 -0.243921 -0.312044 0.183889
2212 0.116873 -0.0437883 0.688239
2212 -0.0206182 -0.0902924 0.584918
2212 -0.117406 0.208337 0.0638302
2212 -0.0110781 -0.0220966 -0.0421717
2212 -0.151659 -0.0624409 -0.0939364
2212 0.29188 -0.0872332 0.495569
2212 -0.152974 0.0247209 0.100813
2212 0.00315556 0.0939697 0.659622
2212 -0.00375641 -0.0407114 0.785922
2212 -0.122927 -0.113096 0.541953
2212 0.213325 0.00841549 0.892582
2212 0.00704728 0.096271 -0.174068
2212 0.0805603 -0.395141 0.556669
2212 -0.0777687 -0.250285 0.605879
2212 0.0655452 -0.0984182 0.297407
2212 0.0560953 -0.0890868 0.518445
2212 -0.192088 -0.0578864 0.536087
2212 -0.0232344 0.330617 0.69897
2212 -0.197471 0.110144 -0.0691599
2212 0.223869 0.1618 0.556283
2212 -0.0296706 -0.158373 0.431928
2212 -0.0603923 0.223721 0.186907
2212 0.122105 -0.0283557 0.0141108
2212 0.142053 -0.0869223 0.3977
2112 -0.066108 0.170239 0.588688
2112 0.12197 0.0879676 0.648021
2112 0.00574825 0.00845691 0.806211
2112 0.0086478 0.120094 0.784276
2112 -0.0586446 0.100305 0.846876
2112 -0.113806 0.13124 0.784129
2112 -0.213736 -0.0240583 0.212052
2112 0.628969 -0.233678 0.0902845
2112 -0.00978114 0.0541139 0.35368
2112 0.171303 -0.136086 0.746783
2112 -0.0462097 0.253851 0.26746
2112 -0.0389153 -0.0567707 0.357089
2112 -0.0086996 -0.00648029 0.484689
2112 -0.258533 -0.0145979 0.609712
2112 0.0650654 -0.0429887 0.10495
2112 0.018815 0.0517836 0.174486
2112 -0.0218837 -0.201353 0.253932
2112 -0.238744 0.000678294 0.217655
2112 0.0500975 0.0952571 0.580904
2112 -0.0464239 -0.0865362 -0.016464
2112 -0.130963 -0.30082 0.175507
2112 -0.0304659 0.0318345 0.618175
2112 -0.021547 -0.00931671 0.0925816
2112 -0.143149 0.192543 0.0215978
2112 0.031458 -0.00167578 0.401925
2112 -0.471497 -0.0584137 -0.0944956
2112 -0.0181316 -0.0771013 -0.174745
2112 0.0472137 -0.0724352 0.709634
2112 0.121488 -0.0338733 0.292904
2112 0.0571646 -0.127291 -0.00864416
2112 -0.170457 -0.257426 0.110524
2112 -0.131186 -0.11949 0.459576
2112 0.0779433 -0.0687898 0.157717
2112 0.249993 -0.18053 0.487448
2112 -0.103726 0.0336366 0.254267
2112 0.000840632 0.0951509 -0.14227
2112 -0.161423 -0.0308189 0.45824
2112 0.139416 -0.0137955 -0.0186605
2112 -0.0711031 0.00668316 -0.120869
2112 0.135545 0.1676 0.775188
2112 0.0952011 0.0518399 -0.042616
2112 -0.229791 -0.169261 0.378776
2112 -0.019266 0.00188655 0.556237
2112 0.0143093 0.409669 0.0302381
2112 0.0391277 -0.0913014 -0.00634988
2112 -0.113056 -0.0201377 0.0997896
2112 0.00951811 -0.0569503 0.750047
2112 -0.157678 0.211635 0.719311
2112 0.0679744 -0.112205 0.244579
2112 -0.0675236 0.100012 0.207975
2112 -0.0654287 -0.147299 -0.0804142
2112 -0.0229614 -0.0556698 -0.0166608
2112 -0.0684894 -0.0427918 0.0303479
2112 -0.0541493 -0.0521615 0.0414409
2112 -0.0504574 -0.0376908 0.0953005
2112 0.0199392 -0.229586 1.27188
2112 -0.0722645 -0.0729556 0.537638
2 117 7.96
1000220500 -2.08543 0.950093 -0.804238
1000130320 1.05776 0.298712 23.4411
1000090210 0.477543 -0.246148 16.62
1000040090 0.45876 -0.571377 6.75016
1000030060 0.63205 0.562852 3.99441
1000020060 -0.331718 -0.31601 -0.139658
1000020040 0.273462 -0.270712 2.02385
1000020040 0.37394 0.0398435 0.348175
1000020040 0.0234345 -0.282007 1.368
1000020030 -0.172398 0.274492 2.31242
1000020030 -0.101633 -0.789055 0.475462
1000020030 0.0504012 -0.250352 0.1515
1000010030 -0.154924 0.264854 0.184864
1000010030 0.425405 0.503341 1.68447
1000010020 -0.0392975 0.0917833 1.63484
1000010020 0.101222 0.0344914 1.19281
2212 0.240129 0.116111 0.743802
2212 -0.0109464 0.0283838 0.355906
2212 -0.213446 0.172702 -0.0104512
2212 -0.0326814 -0.00294224 -0.11652
2212 -0.263098 -0.220407 0.482629
2212 0.137142 -0.123184 0.268489
2212 -0.207205 -0.200163 0.0886117
2212 -0.0419362 0.064264 -0.180971
2212 0.168413 0.124939 0.707346
2212 0.0684961 0.372238 0.562109
2212 -0.0852996 -0.316773 0.697708
2212 0.0197476 -0.266319 0.115686
2212 -0.0146218 0.127598 0.126501
2212 0.0904948 0.00373941 0.142867
2212 0.0412719 0.0464292 0.805976
2212 -0.130136 -0.373749 0.167066
2212 0.0584983 -0.0333832 0.469013
2212 0.0916409 -0.0705726 0.515875
2212 -0.131416 -0.0411652 0.25649
2212 0.030684 0.277987 0.274673
2212 0.240789 -0.0990956 0.392456
2212 0.101057 0.226626 0.819949
2212 -0.286572 0.443728 0.000900757
2212 0.060148 0.138658 0.778699
2212 0.122036 -0.0643462 -0.00268213
2212 -0.00918335 -0.0658126 0.773148
2212 -0.0231299 0.0312045 0.514807
2212 -0.198251 -0.387166 0.674812
2212 0.181198 0.0221932 0.349488
2212 0.128948 -0.13122 0.709891
2212 -0.14171 -0.180523 -0.0592324
2112 0.031016 -0.0676206 0.816027
2112 0.0366196 -0.166665 0.838679
2112 -0.128793 -0.143008 1.14058
2112 -0.228858 -0.204039 0.427625
2112 -0.11007 0.204614 0.360624
2112 0.138005 -0.00490739 0.831466
2112 -0.0497976 -0.025383 -0.0886413
2112 0.00731916 -0.027574 0.366078
2112 0.311035 0.245231 0.879438
2112 0.0396161 0.228544 0.560313
2112 0.123781 -0.0217293 0.8351
2112 -0.076151 -0.0288865 0.0508112
2112 -0.0644151 0.053725 0.807776
2112 -0.0711918 -0.0485995 0.0196576
2112 -0.0806637 -0.0247616 0.552896
2112 0.0626271 0.0289143 0.402783
2112 -0.286995 -0.0465295 -0.121885
2112 -0.0890822 -0.0474777 -0.0588609
2112 0.0554272 0.202798 0.940931
2112 0.0873624 0.0332595 -0.0293481
2112 -0.00609287 -0.032947 -0.0600287
2112 -0.213522 -0.0609391 0.114131
2112 -0.105415 -0.177478 0.0110135
2112 -0.0642406 0.0303558 -0.0424406
2112 0.0634143 -0.0482707 0.877455
2112 0.0401225 0.0333724 -0.0839913
2112 -0.0455065 0.143707 0.493889
2112 0.25473 0.00317272 0.779928
2112 -0.0461441 -0.0121632 0.606464
2112 -0.365948 -0.155791 0.491848
2112 0.189462 0.16523 0.961941
2112 -0.107013 0.100207 0.172872
2112 -0.0284402 0.257831 0.260404
2112 -0.0220349 -0.162491 0.981095
2112 -0.0334431 0.195304 0.324748
2112 -0.0369203 -0.103432 0.739438
2112 0.0409792 0.0229713 0.847923
2112 0.0549968 -0.0731328 0.115875
2112 -0.180229 0.0907499 -0.0482698
2112 0.199491 -0.2627 0.30474
2112 0.0738679 0.0929031 0.273002
2112 -0.416272 -0.293832 -0.0515477
2112 0.126343 0.131003 0.795116
2112 -0.0447612 0.109324 0.558138
2112 -0.0773039 0.198987 0.388929
2112 0.239821 -0.0222632 0.681304
2112 0.0851615 0.0349927 0.517598
2112 0.102224 0.0590203 0.00216599
2112 -0.0734582 0.0858658 0.480335
2112 0.195749 0.169352 0.741319
2112 -0.294091 -0.208672 0.691607
2112 -0.176384 -0.191131 0.0338045
2112 -0.0341078 0.285468 0.603812
2112 -0.0968256 0.0320431 0.803856
2112 0.043295 0.052991 0.407718
2112 0.278749 -0.115407 0.509189
2112 -0.269139 -0.101222 -0.0906512
2112 0.0385752 -0.0117981 0.178088
2112 0.130175 0.00833677 0.0644361
2112 0.228597 -0.257766 0.880936
2112 0.0835408 -0.041317 0.137624
2112 -0.00601354 -0.127798 0.0473221
2112 -0.283899 -0.054513 0.218318
2112 0.0567519 0.0590215 0.17142
2112 -0.0350683 -0.0775851 0.316392
2112 0.0765512 0.142791 0.687324
2112 -0.0604528 -0.0392263 0.0899962
2112 -0.164955 0.0730645 -0.104187
2112 -0.0171553 -0.0658688 0.17524
2112 0.015807 0.0649928 -0.187597
3 48 10.54
1000350990 0.981864 0.838576 76.4138
1000300690 1.72022 0.209051 -1.71582
1000060160 -0.0236455 -0.0217714 -0.346316
1000050120 -0.433105 -0.453184 0.585495
1000020040 -0.0154299 0.00606882 0.0494072
1000020040 -0.186144 0.462714 0.430489
1000020030 -0.338328 0.0699569 2.25979
1000010030 0.141137 -0.152294 2.15512
1000010020 0.0449938 0.134378 1.71687
1000010020 -0.0078597 -0.0463713 -0.211997
1000010020 -0.0920781 -0.238243 1.33763
1000010020 -0.311482 -0.12962 0.114483
1000010020 -0.220582 -0.113252 1.407
1000010020 0.322149 0.267812 1.44955
2212 0.0738512 0.00173309 0.769727
2212 -0.0793171 0.0342622 0.63328
2212 -0.0335402 -0.123237 0.00776892
2212 -0.126707 -0.150982 1.06414
2212 0.0123778 -0.0419492 0.675977
2212 0.0331534 -0.22148 0.874877
2212 0.0432319 -0.033102 0.184309
2212 -0.0188995 -0.508603 0.449303
2212 0.101938 -0.00450066 0.75764
2212 -0.195221 -0.0662208 0.618213
2212 -0.164292 0.197866 0.651577
2112 -0.00577268 0.132104 0.635185
2112 -0.0845198 -0.0957245 0.551629
2112 -0.0622914 -0.0334218 0.723048
2112 -0.353791 0.0522885 0.330119
2112 -0.0981906 0.00320558 0.644124
2112 -0.0975284 -0.0211421 0.581705
2112 -0.16362 -0.00562209 0.00725067
2112 0.0473073 0.0265844 0.760742
2112 -0.00815589 0.173908 0.0843145
2112 -0.014391 0.162685 0.0676605
2112 -0.0298735 0.154321 -0.0328554
2112 -0.0589859 0.120794 -0.0286535
2112 0.0168434 -0.0213492 0.747129
2112 0.163727 -0.0593032 -0.0639676
2112 -0.105412 -0.0115157 -0.0522285
2112 -0.112195 0.0742232 0.136252
2112 -0.0985398 -0.0127905 -0.0659243
2112 -0.0375377 -0.125279 0.770063
2112 0.0388916 -0.0690151 0.768986
2112 -0.0821731 -0.0705014 -0.00460394
2112 -0.0229628 -0.119111 0.694868
2112 -0.159398 -0.0966289 -0.0361736
2112 0.100285 -0.0763158 0.798096
4 52 10.72
1000361020 -0.25914 0.208684 77.925
1000310730 0.83365 -0.0476099 -1.59337
1000110250 -0.698743 -0.404262 0.0924199
1000020030 -0.0541279 -0.0758738 1.97184
1000020030 0.192774 -0.103655 2.44996
1000010030 0.18763 0.176286 2.22281
1000010020 0.198228 0.162053 1.75543
2212 -0.0128561 -0.0395982 0.85984
2212 0.039974 -0.043024 0.869618
2212 -0.177075 -0.29288 -0.163018
2212 0.0751833 0.0134248 0.765019
2212 0.0940545 0.0228366 -0.159052
2212 -0.100176 0.114858 0.590434
2212 -0.0208326 0.169185 0.135446
2212 0.0815769 0.0750176 -0.109125
2212 0.195942 -0.13074 0.0259394
2212 -0.0896102 -0.149235 0.136267
2212 -0.269685 0.0727407 0.325048
2212 0.0318046 0.0225937 -0.0351673
2212 -0.208126 -0.0848334 0.540781
2212 0.130457 0.0518118 0.945797
2212 0.0346062 -0.0375121 0.53482
2212 0.0879492 0.322182 0.185367
2112 -0.119497 -0.0623334 0.291415
2112 0.134005 -0.0400386 0.861229
2112 -0.0651811 -0.108673 0.872363
2112 -0.0382742 -0.135526 0.202377
2112 0.0806047 -0.0866613 0.632384
2112 0.109161 0.165899 0.143847
2112 -0.0101112 0.0558063 -0.049633
2112 0.07336 -0.0439363 0.641613
2112 0.04306 0.00742944 0.172042
2112 0.0908337 0.1382 0.0861827
2112 -0.130811 0.0602773 0.736043
2112 0.0703826 -0.00665135 -0.110452
2112 0.0797304 -0.0195319 -0.0998144
2112 -0.176636 0.0650878 0.545548
2112 0.00729848 0.0444366 0.115194
2112 -0.00614834 -0.0871496 -0.0672761
2112 -0.117678 -0.0429994 0.586055
2112 -0.173801 0.2121 0.235081
2112 -0.0314097 -0.108039 0.116684
2112 0.0898551 -0.0898288 1.07911
2112 0.0193392 0.00664851 0.108458
2112 0.0290113 -0.0738948 0.036143
2112 0.0174893 -0.215285 0.893705
2112 -0.0329596 0.102001 0.0289646
2112 -0.135102 0.0179609 0.133881
2112 -0.0749362 0.302847 0.132956
2112 -0.0703315 0.0108064 0.746954
2112 0.159666 -0.0259534 0.989148
2112 -0.114376 -0.0454501 0.00663004
5 57 10.5
1000371040 1.86964 -0.441756 79.3246
1000350830 -0.685802 0.220269 0.198822
1000020060 -0.31097 -0.492489 -0.286466
1000020060 0.0909171 -0.252693 -0.635156
1000020030 -0.29377 -0.0245681 2.21931
1000010030 0.3204 0.0910994 2.16137
2212 -0.0546965 0.0804834 0.80485
2212 0.0565269 -0.100754 0.887668
2212 -0.175378 0.0728319 0.313076
2212 -0.243661 0.183856 0.512859
2212 -0.0345282 0.111402 0.744893
2212 0.337173 -0.038999 0.740922
2212 0.00703569 0.0601766 0.0404457
2212 0.112249 -0.105027 -0.0906169
2212 -0.0952245 0.0623817 0.802806
2212 0.138652 -0.0527059 -0.00833417
2212 0.132806 0.00878095 0.0364826
2212 0.0553638 0.238537 0.0762025
2212 -0.0352523 0.175027 0.098096
2212 -0.170994 0.243207 0.33631
2212 -0.179988 -0.165811 0.377374
2212 0.0467671 -0.240091 0.0295371
2212 -0.0894018 -0.139152 0.00881519
2212 0.0691933 -0.00160032 0.0576544
2212 -0.13507 -0.0633618 0.255998
2212 -0.172326 -0.301494 0.972635
2212 0.00180909 0.0481243 0.86449
2112 -0.0873589 -0.142588 0.00848392
2112 0.139761 0.0283297 -0.101749
2112 0.100342 0.0260426 0.0563569
2112 0.0718433 0.0447573 0.00680264
2112 0.0833465 0.0592096 0.709908
2112 -0.0145965 -0.0827138 1.10321
2112 0.0908137 -0.043234 0.756718
2112 0.180012 -0.263964 0.629242
2112 -0.322961 0.475577 0.280712
2112 0.189888 -0.0954328 0.0679381
2112 0.0175517 0.0201935 0.557528
2112 -0.0791713 -0.0267301 0.23645
2112 0.00397687 0.0323419 -0.100465
2112 0.0973284 0.288517 0.168345
2112 -0.0861669 0.0931946 -0.0577746
2112 -0.0596005 -0.0669413 -0.0658519
2112 -0.120951 -0.0823841 0.68009
2112 -0.0361367 0.150954 0.118996
2112 0.0939349 -0.0124002 0.0979064
2112 -0.159734 0.0202073 0.904354
2112 -0.217935 -0.168748 0.701496
2112 0.032367 -0.0770568 0.0735406
2112 -0.103574 0.0495775 0.531052
2112 -0.0115498 0.046344 -0.114874
2112 -0.0908044 0.144657 0.0108306
2112 -0.15637 0.0684935 0.685826
2112 -0.110898 0.203266 0.200754
2112 -0.123571 0.0885142 -0.0978984
2112 0.0644723 0.06866 0.596842
2112 0.0542704 -0.0223178 0.773759
6 78 9.35
1000320830 2.30571 -0.806733 64.756
1000150440 -1.12664 0.542247 0.15991
1000070140 -0.697407 -0.642398 -0.461423
1000050130 0.0320624 0.0276712 -0.0593447
1000030110 -0.159781 0.325015 -0.231166
1000040090 0.692351 0.0546719 6.21531
1000050060 0.207438 0.398695 0.461923
1000010030 -0.499217 0.257334 1.89885
1000010030 -0.381837 -0.10124 1.78932
1000010020 -0.0511582 -0.0588868 1.30116
2212 0.100032 0.284023 0.60379
2212 0.136652 0.0442745 0.938775
2212 -0.0234309 -0.0648976 0.721182
2212 -0.30227 -0.0266353 0.282748
2212 -0.224372 0.454996 0.693727
2212 -0.236957 0.0519593 0.654375
2212 -0.0963811 -0.0270247 0.13225
2212 0.0746517 -0.115315 -0.0614586
2212 0.272832 -0.078959 0.808648
2212 -0.269235 -0.276434 0.288579
2212 -0.0168038 -0.0264905 0.711448
2212 0.179092 -0.178335 0.249119
2212 0.0864489 0.0726909 0.557346
2212 -0.143872 -0.111891 -0.106058
2212 0.0242394 0.238531 0.789067
2212 0.0977537 0.00442469 0.00045816
2212 0.0019647 0.0444206 0.164226
2212 -0.121395 0.12773 0.782832
2212 -0.0580094 0.0895843 -0.181465
2212 0.0158796 -0.220502 0.0443707
2212 -0.0646764 -0.0453329 0.0359945
2212 0.0221844 0.0651575 -0.143915
2212 -0.0546593 0.0537778 0.76292
2212 0.0729201 -0.00535079 0.157636
2212 0.0506233 -0.0500922 0.0436982
2212 -0.501624 -0.315718 0.409133
2112 0.0121588 0.120009 0.751742
2112 0.0829707 -0.101615 0.129953
2112 0.0416378 0.161065 0.0463526
2112 -0.148246 0.025311 0.824411
2112 0.18075 -0.320067 0.122005
2112 0.147009 -0.033665 0.309605
2112 0.0551053 -0.103792 0.819535
2112 -0.0905468 0.00806932 0.466302
2112 0.120185 0.0958527 -0.0129374
2112 -0.0121311 -0.0719307 0.789165
2112 -0.14057 0.3676 0.148527
2112 -0.114804 -0.14449 0.0986619
2112 0.270138 0.173223 0.992655
2112 0.0695332 0.13302 0.0345844
2112 -0.0117129 0.005934 -0.0466352
2112 0.0978456 -0.337342 0.171591
2112 0.00908306 -0.0292953 0.121641
2112 -0.20515 0.0806469 0.249942
2112 0.0757379 0.220979 0.208597
2112 0.0617823 0.0597075 0.617819
2112 0.126354 0.0141498 0.367203
2112 0.0078337 0.0307448 0.178836
2112 0.130927 -0.253675 0.314872
2112 -0.0106083 -0.311692 0.315469
2112 -0.127278 0.0040173 -0.0300356
2112 -0.0898532 -0.0216951 0.0102056
2112 -0.0191226 -0.0553137 0.628939
2112 0.00396363 0.131278 0.173516
2112 -0.000952472 0.0727911 0.643699
2112 -0.00538104 0.0975866 0.179269
2112 0.0163005 -0.266353 0.663267
2112 -0.0634986 -0.0354703 0.671848
2112 0.479969 -0.0419813 0.247133
2112 0.060449 0.103227 0.619341
2112 -0.104446 -0.0622786 0.361527
2112 0.0296661 -0.0247144 0.745263
2112 0.0128293 0.150539 0.640632
2112 -0.0842078 0.108759 0.0122322
2112 0.021358 0.133626 -0.0890523
2112 0.00856708 0.0877293 0.821975
2112 0.0201423 0.0558815 0.13401
2112 -0.2569 -0.211348 0.478602
7 35 11.42
1000451200 0.492128 -0.305286 91.6992
1000280680 -0.397424 -0.952887 0.0934707
1000120300 -0.320156 1.29104 -1.25764
1000010030 -0.00953257 -0.0904757 0.0215338
1000010020 -0.0307733 0.00338629 -0.0788994
1000010020 0.158774 0.000628155 0.0421822
1000010020 0.00700038 -0.279421 0.0414814
1000010020 -0.114025 0.0869264 0.100682
2212 0.0598644 0.107835 0.116633
2212 -0.0611238 -0.144195 0.834965
2212 -0.0397257 -0.109561 0.840334
2212 0.0039955 0.00599869 -0.167219
2212 -0.0805461 -0.0366158 -0.179395
2212 0.0539767 0.0683335 0.604014
2212 0.00324255 0.0405065 0.0198481
2212 0.0620133 0.0684278 0.663286
2212 -0.154635 0.0520982 0.818812
2212 -0.000534051 0.0618895 0.201232
2112 0.10585 -0.00712952 0.726488
2112 -0.0158309 -0.0481658 0.683209
2112 -0.150614 -0.04941 0.68888
2112 -0.031871 0.0689277 -0.0361415
2112 0.2187 0.066355 0.140155
2112 0.0482858 0.205227 0.903714
2112 0.0339969 0.222506 0.101549
2112 -0.0214682 -0.215039 -0.0569842
2112 -0.0284972 -0.0154158 1.20568
2112 0.124106 -0.0510839 -0.00423279
2112 -0.0039822 -0.0959207 -0.292491
2112 -0.0245645 0.0216922 -0.00821835
2112 0.0650955 -0.124437 0.0977364
2112 0.120413 -0.102695 0.006599
2112 -0.0195687 -0.0478774 -0.0776962
2112 -0.0923543 0.121714 1.22682
2112 0.0397835 0.182126 0.726738
8 49 11.01
1000411080 0.108421 -0.516712 83.4512
1000410990 -0.0678433 -0.339037 -0.848324
1000010020 0.20232 0.131775 1.44857
1000010020 0.141612 -0.112897 1.36192
2212 -0.0641634 -0.038071 0.684392
2212 0.176042 -0.042373 0.638235
2212 0.121879 -0.151918 0.682477
2212 -0.0561879 0.298274 0.370064
2212 0.0722619 -0.228553 0.0758853
2212 0.046692 0.227125 0.722537
2212 0.167472 -0.0156662 -0.037376
2212 0.0368519 0.064378 0.0624087
2212 0.000895364 0.0835406 -0.147362
2212 0.0715875 0.284213 0.468236
2212 0.0918558 0.015735 0.0773703
2212 0.117463 -0.114499 0.725485
2212 0.00513981 0.134402 0.748995
2212 -0.0471698 0.0811084 0.0801682
2212 0.106675 -0.0716229 0.814996
2212 0.0294009 -0.0283689 0.168685
2112 -0.203188 0.0313166 0.402602
2112 -0.0495243 -0.208308 0.220312
2112 0.316426 0.225218 0.518106
2112 0.173259 0.0229924 0.601073
2112 0.0538227 -0.258792 0.615524
2112 0.0521413 -0.0156631 -0.0960343
2112 -0.0628805 0.103204 0.819444
2112 -0.442325 0.0468527 0.387121
2112 -0.0465699 0.104069 -0.0719727
2112 -0.0263379 0.102688 0.0247063
2112 0.0280258 0.102681 0.0441525
2112 -0.0625185 0.089048 0.72059
2112 -0.0958759 0.0294938 -0.0711969
2112 -0.164514 0.00564017 0.0382762
2112 -0.241476 0.0527371 0.733659
2112 0.0579346 -0.0556071 0.574117
2112 -0.0282874 -0.190992 -0.275746
2112 -0.120071 -0.0887772 0.858714
2112 -0.154667 0.047963 -0.0325762
2112 0.00456174 0.114729 0.0868228
2112 -0.157562 0.0122247 0.133106
2112 -0.00249071 -0.0388557 -0.0225564
2112 -0.0821151 0.0325464 -0.102808
2112 0.115359 -0.104843 0.569226
2112 -0.0618536 0.100091 0.611459
2112 -0.0648288 0.0138507 0.853844
2112 0.0601109 -0.0197273 -0.068465
2112 -0.118979 -0.00282205 0.763605
2112 0.0632176 0.0862081 -0.0949167
9 69 9.59
1000351040 1.27658 -0.296263 79.4045
1000200470 -1.26368 -0.00313579 0.430227
1000110330 0.0601656 -0.982454 0.617096
1000010030 -0.526251 0.565338 1.05495
1000010020 -0.273066 0.26119 -0.149206
1000010020 -0.00689072 -0.209828 0.057196
1000010020 0.0217321 0.247597 -0.15197
1000010020 0.178418 0.394831 0.349668
2212 0.0352421 0.0811381 0.58771
2212 -0.00500962 0.407393 0.659905
2212 -0.0293533 0.0808123 0.726605
2212 0.298035 0.0198239 0.279644
2212 0.197848 -0.0410625 0.231813
2212 -0.0427557 -0.0327113 0.0547031
2212 0.284701 -0.377762 0.473665
2212 -0.0394157 -0.0241179 -0.169288
2212 -0.0842849 -0.171189 -0.0816475
2212 -0.0594343 0.146072 -0.0450532
2212 -0.261844 0.0608338 -0.0700041
2212 0.22635 -0.471735 0.304141
2212 -0.334135 0.0144876 0.0210542
2212 -0.131521 -0.235359 0.712483
2212 0.309591 -0.293488 0.234465
2212 -0.0840041 0.0752473 0.654087
2212 -0.180188 -0.14981 0.623729
2212 -0.0727675 0.00498302 -0.101185
2212 0.071635 0.209496 0.853737
2212 -0.0366603 -0.053637 -0.0221946
2212 -0.129469 0.0892361 0.194544
2212 -0.026474 0.342032 0.0543727
2212 -0.0299076 0.249506 -0.0599482
2212 0.209164 -0.330179 0.362456
2212 -0.0645555 -0.317238 0.396375
2212 0.0967656 0.143183 0.6651
2212 -0.0113923 0.0424743 0.875656
2212 0.49742 -0.249854 0.335004
2212 -0.0618696 0.173278 0.641675
2112 -0.236305 -0.00324025 0.859862
2112 0.0096938 -0.0736095 -0.0579006
2112 -0.0662492 0.100119 -0.125057
2112 -0.155846 -0.257684 0.308735
2112 -0.0125476 0.02111 -0.192837
2112 0.0166458 0.0980772 0.0205924
2112 -0.0635254 -0.119747 0.0522465
2112 0.0277551 0.118508 0.381604
2112 0.119615 -0.164671 0.271152
2112 0.0398638 0.156661 0.745958
2112 -0.105767 0.16098 0.196851
2112 0.0365671 0.00872686 0.785131
2112 -0.0323438 0.0151468 -0.0669606
2112 0.00641218 -0.0248299 0.0219883
2112 0.0724869 0.128307 0.111069
2112 0.0239045 0.0520496 0.118116
2112 -0.174762 -0.0517767 0.228014
2112 -0.150551 -0.12649 -0.0858815
2112 0.383951 0.0876594 0.523407
2112 0.0250788 0.0506132 0.880809
2112 0.0580916 0.432593 0.557811
2112 0.010666 0.150587 0.636793
2112 0.395836 0.290333 0.345018
2112 -0.148839 0.248953 0.191157
2112 -0.0419847 -0.0892945 0.168355
2112 -0.0197267 0.109665 0.594877
2112 -0.0572593 -0.344318 0.252608
2112 -0.383009 -0.281772 0.0877315
2112 0.0772429 -0.0494117 -0.00515921
2112 0.0206379 0.0571694 0.716012
2112 -0.00997768 0.145045 0.632195
2112 0.325534 -0.214587 0.0253221
