2841 103
2843 85
2844 23
2845 88
2846 82
2848 16
2849 82
2850 87
2851 82
2852 104
2855 79
2856 9
2857 90
2858 115
2859 71
2860 90
2861 93
2875 99
2877 107
2878 112
2879 100
2880 106
2881 82
2882 115
2883 110
2884 71
2887 109
2888 104
2889 113
2890 105
2891 90
2892 23
2893 89
2894 89
2896 76
2898 117
2899 95
2900 111
2901 111
2902 84
2903 113
2904 86
2905 125
2907 82
2914 15
2916 80
2917 94
2919 110
2920 111
2921 103
2922 84
2924 63
2925 102
2926 100
2927 97
2929 57
2930 106
2931 96
2932 74
2933 85
2934 98
2935 98
2936 75
2939 99
2940 95
2941 97
2942 101
2943 98
2944 75
2945 105
2946 97
2948 100
2955 92
2956 91
2958 118
2959 88
2960 109
2961 89
2962 109
2964 116
2965 114
2966 68
2968 32
2969 86
2970 96
2971 108
2972 109
2973 96
2975 100
2976 105
2977 24
2978 98
2979 104
2980 100
2981 51
2982 88
2983 82
2984 5
2985 125
2986 116
2988 88
2989 78
2990 104
2991 81
2992 105
2993 39
2997 87
2999 113
3000 54
3002 86
3003 80
3007 92
3039 36
