bin and probability for 0 ~ nbins+1
-0.5,0.5,1.5,2.5,3.5,4.5,5.5,6.5,7.5,8.5,9.5,10.5,11.5,12.5,13.5,14.5,15.5,16.5,17.5,18.5,19.5,20.5,21.5,22.5,23.5,24.5,25.5,26.5,27.5,28.5,29.5,30.5,31.5,32.5,33.5,34.5,35.5,36.5,37.5,38.5,39.5,40.5,41.5,42.5,43.5,44.5,45.5,46.5,47.5,48.5,49.5,50.5
0,0,0,7.71784e-05,0,0.000245519,0.000613949,0.00158498,0.00193292,0.00481981,0.00682895,0.0165975,0.0476553,0.153548,0.399749,0.627181,0.713174,0.734434,0.716435,0.703209,0.703148,0.714148,0.688496,0.700531,0.68837,0.678806,0.688449,0.680517,0.69151,0.682889,0.699248,0.735509,0.760263,0.776579,0.823133,0.87156,0,0,0,0,0,0,0,0,0,0,0,0,0,0,0,0
-0.5,0.5,1.5,2.5,3.5,4.5,5.5,6.5,7.5,8.5,9.5,10.5,11.5,12.5,13.5,14.5,15.5,16.5,17.5,18.5,19.5,20.5,21.5,22.5,23.5,24.5,25.5,26.5,27.5,28.5,29.5,30.5,31.5,32.5,33.5,34.5,35.5,36.5,37.5,38.5,39.5,40.5,41.5,42.5,43.5,44.5,45.5,46.5,47.5,48.5,49.5,50.5
0,0,0,0,0,0,0,0,0,0,0,0,0,0,0,0,0,0,0,0,0,0,0,0,0,0,0,0,0,0,0,0,0,0,0,0,0,0,0,0,0,0,0,0,0,0,0,0,0,0,0,0
-0.5,0.5,1.5,2.5,3.5,4.5,5.5,6.5,7.5,8.5,9.5,10.5,11.5,12.5,13.5,14.5,15.5,16.5,17.5,18.5,19.5,20.5,21.5,22.5,23.5,24.5,25.5,26.5,27.5,28.5,29.5,30.5,31.5,32.5,33.5,34.5,35.5,36.5,37.5,38.5,39.5,40.5,41.5,42.5,43.5,44.5,45.5,46.5,47.5,48.5,49.5,50.5
0,0.000376932,0,0.000109637,0.000132591,0.000523047,0.00109064,0.00106377,0.00183181,0.00343064,0.00789683,0.0278262,0.101891,0.356272,0.659263,0.773443,0.795517,0.800233,0.801647,0.806039,0.803139,0.808776,0.819654,0.824465,0.825622,0.795066,0.817347,0.808896,0.809854,0.81,0.811765,0.840104,0.849565,0.840156,0.814286,0,0,0,0,0,0,0,0,0,0,0,0,0,0,0,0,0
-0.5,0.5,1.5,2.5,3.5,4.5,5.5,6.5,7.5,8.5,9.5,10.5,11.5,12.5,13.5,14.5,15.5,16.5,17.5,18.5,19.5,20.5,21.5,22.5,23.5,24.5,25.5,26.5,27.5,28.5,29.5,30.5,31.5,32.5,33.5,34.5,35.5,36.5,37.5,38.5,39.5,40.5,41.5,42.5,43.5,44.5,45.5,46.5,47.5,48.5,49.5,50.5
0,0,0,0,0,0,0,0,0,0,0,0,0,0,0,0,0,0,0,0,0,0,0,0,0,0,0,0,0,0,0,0,0,0,0,0,0,0,0,0,0,0,0,0,0,0,0,0,0,0,0,0
-0.5,0.5,1.5,2.5,3.5,4.5,5.5,6.5,7.5,8.5,9.5,10.5,11.5,12.5,13.5,14.5,15.5,16.5,17.5,18.5,19.5,20.5,21.5,22.5,23.5,24.5,25.5,26.5,27.5,28.5,29.5,30.5,31.5,32.5,33.5,34.5,35.5,36.5,37.5,38.5,39.5,40.5,41.5,42.5,43.5,44.5,45.5,46.5,47.5,48.5,49.5,50.5
0,0,0,0,0.000198295,0.000345066,0.00136877,0.00537924,0.0242406,0.153261,0.494556,0.743713,0.788049,0.802574,0.791754,0.779124,0.777905,0.785059,0.778201,0.776336,0.772184,0.762547,0.771794,0.763673,0.788111,0.777465,0.783531,0.827586,0.846005,0.851935,0.845231,0.84266,0.863405,0.83787,0.851312,0.891586,0.919408,0.919028,0.922794,0.918605,0.5,0,0,0,0,0,0,0,0,0,0,0
-0.5,0.5,1.5,2.5,3.5,4.5,5.5,6.5,7.5,8.5,9.5,10.5,11.5,12.5,13.5,14.5,15.5,16.5,17.5,18.5,19.5,20.5,21.5,22.5,23.5,24.5,25.5,26.5,27.5,28.5,29.5,30.5,31.5,32.5,33.5,34.5,35.5,36.5,37.5,38.5,39.5,40.5,41.5,42.5,43.5,44.5,45.5,46.5,47.5,48.5,49.5,50.5
0,0.000387147,5.34188e-05,0,0.000198295,0.000345066,0.00193909,0.00667025,0.0283645,0.138933,0.437154,0.674013,0.740015,0.745421,0.734342,0.726861,0.711815,0.711454,0.716289,0.702881,0.689804,0.67701,0.665873,0.669871,0.68089,0.678471,0.65365,0.665265,0.65908,0.689849,0.71952,0.737226,0.754332,0.733728,0.769679,0.750809,0.784539,0.821862,0.867647,0.825581,0.5,0,0,0,0,0,0,0,0,0,0,0
-0.5,0.5,1.5,2.5,3.5,4.5,5.5,6.5,7.5,8.5,9.5,10.5,11.5,12.5,13.5,14.5,15.5,16.5,17.5,18.5,19.5,20.5,21.5,22.5,23.5,24.5,25.5,26.5,27.5,28.5,29.5,30.5,31.5,32.5,33.5,34.5,35.5,36.5,37.5,38.5,39.5,40.5,41.5,42.5,43.5,44.5,45.5,46.5,47.5,48.5,49.5,50.5
0,0,0,0,0,0.000127641,0.000454468,0.000745196,0.00307125,0.0199811,0.140092,0.47684,0.760397,0.851492,0.862736,0.861357,0.856128,0.866527,0.868177,0.869269,0.878694,0.883806,0.882275,0.885474,0.900538,0.890993,0.897052,0.883489,0.893218,0.90378,0.902174,0.892617,0.880785,0.881443,0.898204,0.903743,0.921739,0.884354,0.868852,0.918919,0.864865,0.928571,1,0,0,0,0,0,0,0,0,0
-0.5,0.5,1.5,2.5,3.5,4.5,5.5,6.5,7.5,8.5,9.5,10.5,11.5,12.5,13.5,14.5,15.5,16.5,17.5,18.5,19.5,20.5,21.5,22.5,23.5,24.5,25.5,26.5,27.5,28.5,29.5,30.5,31.5,32.5,33.5,34.5,35.5,36.5,37.5,38.5,39.5,40.5,41.5,42.5,43.5,44.5,45.5,46.5,47.5,48.5,49.5,50.5
0,0,0,0,0.000262347,0.000191461,0.000795319,0.00154362,0.0043556,0.0223688,0.140376,0.458108,0.726447,0.798075,0.817353,0.80112,0.804573,0.799549,0.807171,0.798198,0.812748,0.813112,0.822755,0.823137,0.830645,0.820642,0.811986,0.796838,0.81241,0.780069,0.789855,0.806711,0.835905,0.847079,0.824351,0.831551,0.830435,0.857143,0.803279,0.783784,0.702703,0.714286,0.5,1,0,0,0,0,0,0,0,0
-0.5,0.5,1.5,2.5,3.5,4.5,5.5,6.5,7.5,8.5,9.5,10.5,11.5,12.5,13.5,14.5,15.5,16.5,17.5,18.5,19.5,20.5,21.5,22.5,23.5,24.5,25.5,26.5,27.5,28.5,29.5,30.5,31.5,32.5,33.5,34.5,35.5,36.5,37.5,38.5,39.5,40.5,41.5,42.5,43.5,44.5,45.5,46.5,47.5,48.5,49.5,50.5
0,0.000156128,0,0.000136398,9.2098e-05,0.000296238,0.000848736,0.00380497,0.00758853,0.0196724,0.075745,0.254655,0.551799,0.705267,0.73909,0.719261,0.715753,0.713406,0.710827,0.710246,0.715264,0.726294,0.726942,0.729828,0.768257,0.777246,0.797779,0.804851,0.804602,0.850089,0,0,0,0,0,0,0,0,0,0,0,0,0,0,0,0,0,0,0,0,0,0
-0.5,0.5,1.5,2.5,3.5,4.5,5.5,6.5,7.5,8.5,9.5,10.5,11.5,12.5,13.5,14.5,15.5,16.5,17.5,18.5,19.5,20.5,21.5,22.5,23.5,24.5,25.5,26.5,27.5,28.5,29.5,30.5,31.5,32.5,33.5,34.5,35.5,36.5,37.5,38.5,39.5,40.5,41.5,42.5,43.5,44.5,45.5,46.5,47.5,48.5,49.5,50.5
0,0,4.92562e-05,6.81989e-05,9.2098e-05,0.000197492,0.00132026,0.00274312,0.0107926,0.0330969,0.107021,0.316216,0.614454,0.727994,0.741352,0.73622,0.732115,0.72572,0.713965,0.693813,0.694985,0.692492,0.686893,0.676918,0.703905,0.712813,0.709307,0.752297,0.765522,0.830458,0,0,0,0,0,0,0,0,0,0,0,0,0,0,0,0,0,0,0,0,0,0
-0.5,0.5,1.5,2.5,3.5,4.5,5.5,6.5,7.5,8.5,9.5,10.5,11.5,12.5,13.5,14.5,15.5,16.5,17.5,18.5,19.5,20.5,21.5,22.5,23.5,24.5,25.5,26.5,27.5,28.5,29.5,30.5,31.5,32.5,33.5,34.5,35.5,36.5,37.5,38.5,39.5,40.5,41.5,42.5,43.5,44.5,45.5,46.5,47.5,48.5,49.5,50.5
0,0,4.57018e-05,0.000159422,0.000375563,0.000349711,0.000513084,0.000837727,0.00224036,0.00331675,0.00742153,0.0237015,0.0760888,0.281978,0.6089,0.790132,0.822923,0.840886,0.84485,0.845014,0.843775,0.85394,0.85704,0.853229,0.848246,0.849287,0.847107,0.86755,0.866251,0.860412,0.870943,0.8553,0.847826,0.862069,0,0,0,0,0,0,0,0,0,0,0,0,0,0,0,0,0,0
-0.5,0.5,1.5,2.5,3.5,4.5,5.5,6.5,7.5,8.5,9.5,10.5,11.5,12.5,13.5,14.5,15.5,16.5,17.5,18.5,19.5,20.5,21.5,22.5,23.5,24.5,25.5,26.5,27.5,28.5,29.5,30.5,31.5,32.5,33.5,34.5,35.5,36.5,37.5,38.5,39.5,40.5,41.5,42.5,43.5,44.5,45.5,46.5,47.5,48.5,49.5,50.5
0,0,0,0,0.000187782,0.000174856,0.000410467,0.00108412,0.00453406,0.0216181,0.0919861,0.330413,0.668359,0.786905,0.800438,0.793001,0.794174,0.805837,0.799381,0.800907,0.815226,0.817536,0.811945,0.813531,0.803999,0.804481,0.797004,0.790488,0.78517,0.820748,0.833208,0.823963,0.807065,0.706897,0,0,0,0,0,0,0,0,0,0,0,0,0,0,0,0,0,0
-0.5,0.5,1.5,2.5,3.5,4.5,5.5,6.5,7.5,8.5,9.5,10.5,11.5,12.5,13.5,14.5,15.5,16.5,17.5,18.5,19.5,20.5,21.5,22.5,23.5,24.5,25.5,26.5,27.5,28.5,29.5,30.5,31.5,32.5,33.5,34.5,35.5,36.5,37.5,38.5,39.5,40.5,41.5,42.5,43.5,44.5,45.5,46.5,47.5,48.5,49.5,50.5
0,0.000275406,4.99002e-05,0,0.000179695,0.00041898,0.00120639,0.0032634,0.00728483,0.0243238,0.108387,0.365141,0.658047,0.759159,0.757666,0.759777,0.748555,0.761661,0.741627,0.748404,0.738399,0.748486,0.747737,0.742694,0.756081,0.765832,0.787889,0.818242,0.830809,0.804455,0.859401,0,0,0,0,0,0,0,0,0,0,0,0,0,0,0,0,0,0,0,0,0
-0.5,0.5,1.5,2.5,3.5,4.5,5.5,6.5,7.5,8.5,9.5,10.5,11.5,12.5,13.5,14.5,15.5,16.5,17.5,18.5,19.5,20.5,21.5,22.5,23.5,24.5,25.5,26.5,27.5,28.5,29.5,30.5,31.5,32.5,33.5,34.5,35.5,36.5,37.5,38.5,39.5,40.5,41.5,42.5,43.5,44.5,45.5,46.5,47.5,48.5,49.5,50.5
0,0.000413109,9.98004e-05,0.000133307,0.000898473,0.00178066,0.00231225,0.00606061,0.0144797,0.0370566,0.116682,0.355947,0.634921,0.746181,0.765653,0.745957,0.73155,0.723797,0.728729,0.713644,0.707292,0.724257,0.702776,0.694727,0.69236,0.704941,0.707834,0.693655,0.745085,0.752475,0.791181,0,0,0,0,0,0,0,0,0,0,0,0,0,0,0,0,0,0,0,0,0
-0.5,0.5,1.5,2.5,3.5,4.5,5.5,6.5,7.5,8.5,9.5,10.5,11.5,12.5,13.5,14.5,15.5,16.5,17.5,18.5,19.5,20.5,21.5,22.5,23.5,24.5,25.5,26.5,27.5,28.5,29.5,30.5,31.5,32.5,33.5,34.5,35.5,36.5,37.5,38.5,39.5,40.5,41.5,42.5,43.5,44.5,45.5,46.5,47.5,48.5,49.5,50.5
0,0,0,0.000107747,0.000179211,0.000109248,0.000289855,0.000663413,0.00205465,0.00541926,0.0315025,0.172929,0.503415,0.75819,0.815136,0.817726,0.823442,0.833656,0.843134,0.83543,0.841891,0.846698,0.841075,0.838138,0.842962,0.831949,0.830571,0.839142,0.847059,0.842939,0.845156,0.85119,0.86847,0.863727,0.796178,1,0,0,0,0,0,0,0,0,0,0,0,0,0,0,0,0
-0.5,0.5,1.5,2.5,3.5,4.5,5.5,6.5,7.5,8.5,9.5,10.5,11.5,12.5,13.5,14.5,15.5,16.5,17.5,18.5,19.5,20.5,21.5,22.5,23.5,24.5,25.5,26.5,27.5,28.5,29.5,30.5,31.5,32.5,33.5,34.5,35.5,36.5,37.5,38.5,39.5,40.5,41.5,42.5,43.5,44.5,45.5,46.5,47.5,48.5,49.5,50.5
0,0,0,0,0.000238949,0.000436991,0.00115942,0.00398048,0.0125334,0.0438203,0.163691,0.489349,0.759582,0.835241,0.840461,0.830435,0.824435,0.83421,0.82851,0.826875,0.845598,0.846055,0.840839,0.841841,0.844877,0.843416,0.821823,0.803753,0.813725,0.832133,0.832189,0.848639,0.836754,0.833667,0.77707,0.846154,0,0,0,0,0,0,0,0,0,0,0,0,0,0,0,0
-0.5,0.5,1.5,2.5,3.5,4.5,5.5,6.5,7.5,8.5,9.5,10.5,11.5,12.5,13.5,14.5,15.5,16.5,17.5,18.5,19.5,20.5,21.5,22.5,23.5,24.5,25.5,26.5,27.5,28.5,29.5,30.5,31.5,32.5,33.5,34.5,35.5,36.5,37.5,38.5,39.5,40.5,41.5,42.5,43.5,44.5,45.5,46.5,47.5,48.5,49.5,50.5
0,0,0,0,0.000266454,0.000289799,0.00158302,0.00363322,0.00959584,0.0265066,0.0662193,0.189954,0.455396,0.67969,0.751486,0.758723,0.754146,0.763314,0.754095,0.75367,0.749352,0.745758,0.74921,0.770654,0.774455,0.794442,0.791812,0.819145,0.811304,0.829767,0.832819,0.838131,0.87994,0.952381,0,0,0,0,0,0,0,0,0,0,0,0,0,0,0,0,0,0
-0.5,0.5,1.5,2.5,3.5,4.5,5.5,6.5,7.5,8.5,9.5,10.5,11.5,12.5,13.5,14.5,15.5,16.5,17.5,18.5,19.5,20.5,21.5,22.5,23.5,24.5,25.5,26.5,27.5,28.5,29.5,30.5,31.5,32.5,33.5,34.5,35.5,36.5,37.5,38.5,39.5,40.5,41.5,42.5,43.5,44.5,45.5,46.5,47.5,48.5,49.5,50.5
0,0,0,0,0,0.000579598,0.000558711,0.000865052,0.00292754,0.00547857,0.0116546,0.0242262,0.0594368,0.18249,0.48408,0.742017,0.85896,0.886095,0.905966,0.915367,0.907206,0.897907,0.90777,0.912095,0.908515,0.913074,0.891464,0.901018,0.904284,0.893969,0.895062,0.881548,0.891872,0.809524,0,0,0,0,0,0,0,0,0,0,0,0,0,0,0,0,0,0
-0.5,0.5,1.5,2.5,3.5,4.5,5.5,6.5,7.5,8.5,9.5,10.5,11.5,12.5,13.5,14.5,15.5,16.5,17.5,18.5,19.5,20.5,21.5,22.5,23.5,24.5,25.5,26.5,27.5,28.5,29.5,30.5,31.5,32.5,33.5,34.5,35.5,36.5,37.5,38.5,39.5,40.5,41.5,42.5,43.5,44.5,45.5,46.5,47.5,48.5,49.5,50.5
0,0,5.04694e-05,0.00011129,6.06391e-05,0.0008296,0.00102249,0.00407945,0.0119579,0.0561753,0.227332,0.558536,0.781334,0.841003,0.843426,0.832618,0.838789,0.834949,0.837163,0.831565,0.83458,0.838598,0.842796,0.8492,0.838777,0.826619,0.838074,0.837629,0.819753,0.847387,0.847926,0.851568,0.849642,0.852632,0.773196,0.8,0,0,0,0,0,0,0,0,0,0,0,0,0,0,0,0
-0.5,0.5,1.5,2.5,3.5,4.5,5.5,6.5,7.5,8.5,9.5,10.5,11.5,12.5,13.5,14.5,15.5,16.5,17.5,18.5,19.5,20.5,21.5,22.5,23.5,24.5,25.5,26.5,27.5,28.5,29.5,30.5,31.5,32.5,33.5,34.5,35.5,36.5,37.5,38.5,39.5,40.5,41.5,42.5,43.5,44.5,45.5,46.5,47.5,48.5,49.5,50.5
0,0.000278164,0.000100939,0.000278226,0.000303196,0.00099552,0.00141202,0.0027682,0.00441365,0.00865111,0.0137121,0.0249366,0.0430817,0.10609,0.283438,0.602283,0.840137,0.914354,0.930148,0.932858,0.934707,0.934583,0.935761,0.935746,0.925981,0.934532,0.931729,0.926289,0.92716,0.927526,0.926267,0.924254,0.924423,0.923977,0.931271,0.963636,0,0,0,0,0,0,0,0,0,0,0,0,0,0,0,0
-0.5,0.5,1.5,2.5,3.5,4.5,5.5,6.5,7.5,8.5,9.5,10.5,11.5,12.5,13.5,14.5,15.5,16.5,17.5,18.5,19.5,20.5,21.5,22.5,23.5,24.5,25.5,26.5,27.5,28.5,29.5,30.5,31.5,32.5,33.5,34.5,35.5,36.5,37.5,38.5,39.5,40.5,41.5,42.5,43.5,44.5,45.5,46.5,47.5,48.5,49.5,50.5
0,0.00765881,0.00176518,0.0031211,0.00406403,0.00495006,0.0116874,0.0211528,0.0532704,0.107881,0.251552,0.511015,0.677901,0.716623,0.735267,0.738001,0.729868,0.726397,0.717623,0.722107,0.711669,0.691414,0.703205,0.696429,0.720568,0.714935,0.733099,0.728531,0.756276,0.772519,0.83849,0,0,0,0,0,0,0,0,0,0,0,0,0,0,0,0,0,0,0,0,0
-0.5,0.5,1.5,2.5,3.5,4.5,5.5,6.5,7.5,8.5,9.5,10.5,11.5,12.5,13.5,14.5,15.5,16.5,17.5,18.5,19.5,20.5,21.5,22.5,23.5,24.5,25.5,26.5,27.5,28.5,29.5,30.5,31.5,32.5,33.5,34.5,35.5,36.5,37.5,38.5,39.5,40.5,41.5,42.5,43.5,44.5,45.5,46.5,47.5,48.5,49.5,50.5
0,0.000450518,0.000143123,0.000124844,0.000414697,0.000176788,0.000255929,0.000786349,0.00464524,0.0100264,0.0235345,0.0591631,0.168614,0.430657,0.697671,0.822839,0.864521,0.886707,0.912409,0.908986,0.907654,0.904222,0.913747,0.911028,0.903586,0.910808,0.91338,0.904187,0.899582,0.899329,0.897896,0,0,0,0,0,0,0,0,0,0,0,0,0,0,0,0,0,0,0,0,0
-0.5,0.5,1.5,2.5,3.5,4.5,5.5,6.5,7.5,8.5,9.5,10.5,11.5,12.5,13.5,14.5,15.5,16.5,17.5,18.5,19.5,20.5,21.5,22.5,23.5,24.5,25.5,26.5,27.5,28.5,29.5,30.5,31.5,32.5,33.5,34.5,35.5,36.5,37.5,38.5,39.5,40.5,41.5,42.5,43.5,44.5,45.5,46.5,47.5,48.5,49.5,50.5
0,0.00283019,0.000325468,0.00080119,0.00138977,0.00158006,0.00185491,0.00359694,0.0062625,0.0168573,0.0454668,0.140501,0.371675,0.627179,0.756438,0.789164,0.798155,0.805085,0.807402,0.807743,0.819151,0.828038,0.826981,0.840925,0.821055,0.8325,0.825785,0.823632,0.804156,0.787234,0.807475,0.789849,0.791887,0.809125,0.818809,0.820486,0.807359,0.669643,1,0,0,0,0,0,0,0,0,0,0,0,0,0
-0.5,0.5,1.5,2.5,3.5,4.5,5.5,6.5,7.5,8.5,9.5,10.5,11.5,12.5,13.5,14.5,15.5,16.5,17.5,18.5,19.5,20.5,21.5,22.5,23.5,24.5,25.5,26.5,27.5,28.5,29.5,30.5,31.5,32.5,33.5,34.5,35.5,36.5,37.5,38.5,39.5,40.5,41.5,42.5,43.5,44.5,45.5,46.5,47.5,48.5,49.5,50.5
0,0.00125786,0.000433957,0.000343367,0.000568541,0.00093633,0.0010305,0.00209822,0.00468372,0.00794702,0.01773,0.0407808,0.124185,0.378785,0.666105,0.801919,0.855322,0.881903,0.890332,0.892029,0.903358,0.900715,0.905567,0.90701,0.901152,0.908125,0.908327,0.900656,0.91013,0.887707,0.875176,0.896907,0.885362,0.882682,0.882657,0.888068,0.911255,0.892857,1,0,0,0,0,0,0,0,0,0,0,0,0,0
-0.5,0.5,1.5,2.5,3.5,4.5,5.5,6.5,7.5,8.5,9.5,10.5,11.5,12.5,13.5,14.5,15.5,16.5,17.5,18.5,19.5,20.5,21.5,22.5,23.5,24.5,25.5,26.5,27.5,28.5,29.5,30.5,31.5,32.5,33.5,34.5,35.5,36.5,37.5,38.5,39.5,40.5,41.5,42.5,43.5,44.5,45.5,46.5,47.5,48.5,49.5,50.5
0,0.0236811,0.0159746,0.0143532,0.0164125,0.0178456,0.0205133,0.0279686,0.037689,0.0478001,0.0712516,0.129535,0.299246,0.562135,0.690812,0.728052,0.735756,0.736062,0.749656,0.754018,0.747356,0.759925,0.739542,0.752827,0.772195,0.792446,0.775888,0.794965,0.801425,0.816527,0.8,0.795802,0.790757,0.825127,0.862911,0.888889,0,0,0,0,0,0,0,0,0,0,0,0,0,0,0,0
-0.5,0.5,1.5,2.5,3.5,4.5,5.5,6.5,7.5,8.5,9.5,10.5,11.5,12.5,13.5,14.5,15.5,16.5,17.5,18.5,19.5,20.5,21.5,22.5,23.5,24.5,25.5,26.5,27.5,28.5,29.5,30.5,31.5,32.5,33.5,34.5,35.5,36.5,37.5,38.5,39.5,40.5,41.5,42.5,43.5,44.5,45.5,46.5,47.5,48.5,49.5,50.5
0,0.0063306,0.000634753,0.000683485,0.000911804,0.00147181,0.00225917,0.00482499,0.010159,0.0273919,0.0686886,0.230915,0.52826,0.710732,0.762124,0.771457,0.75947,0.756704,0.760267,0.764286,0.754808,0.745172,0.754728,0.741519,0.746731,0.76751,0.749433,0.767763,0.76358,0.791933,0.793296,0.805344,0.787548,0.8206,0.861972,0.777778,0,0,0,0,0,0,0,0,0,0,0,0,0,0,0,0
-0.5,0.5,1.5,2.5,3.5,4.5,5.5,6.5,7.5,8.5,9.5,10.5,11.5,12.5,13.5,14.5,15.5,16.5,17.5,18.5,19.5,20.5,21.5,22.5,23.5,24.5,25.5,26.5,27.5,28.5,29.5,30.5,31.5,32.5,33.5,34.5,35.5,36.5,37.5,38.5,39.5,40.5,41.5,42.5,43.5,44.5,45.5,46.5,47.5,48.5,49.5,50.5
0,0.0195682,0.011268,0.0138669,0.0191547,0.0221941,0.0264101,0.0289701,0.0377113,0.0443004,0.0783776,0.240118,0.547531,0.74738,0.814656,0.829062,0.835668,0.833569,0.839597,0.842917,0.843397,0.843704,0.848611,0.837326,0.836756,0.845502,0.831679,0.825387,0.860784,0.851031,0.844968,0.8672,0.846491,0.817496,0.797872,0.866667,0,0,0,0,0,0,0,0,0,0,0,0,0,0,0,0
-0.5,0.5,1.5,2.5,3.5,4.5,5.5,6.5,7.5,8.5,9.5,10.5,11.5,12.5,13.5,14.5,15.5,16.5,17.5,18.5,19.5,20.5,21.5,22.5,23.5,24.5,25.5,26.5,27.5,28.5,29.5,30.5,31.5,32.5,33.5,34.5,35.5,36.5,37.5,38.5,39.5,40.5,41.5,42.5,43.5,44.5,45.5,46.5,47.5,48.5,49.5,50.5
0,0.000674764,0.00015296,0.000117516,0.000432526,0.000881154,0.00147268,0.00310047,0.00883182,0.0290183,0.125171,0.398383,0.694699,0.807847,0.830051,0.831465,0.837794,0.831591,0.840384,0.838223,0.832279,0.844542,0.836815,0.836769,0.81588,0.83219,0.810018,0.803933,0.796732,0.793736,0.795455,0.8056,0.803509,0.837104,0.702128,0.333333,0,0,0,0,0,0,0,0,0,0,0,0,0,0,0,0
-0.5,0.5,1.5,2.5,3.5,4.5,5.5,6.5,7.5,8.5,9.5,10.5,11.5,12.5,13.5,14.5,15.5,16.5,17.5,18.5,19.5,20.5,21.5,22.5,23.5,24.5,25.5,26.5,27.5,28.5,29.5,30.5,31.5,32.5,33.5,34.5,35.5,36.5,37.5,38.5,39.5,40.5,41.5,42.5,43.5,44.5,45.5,46.5,47.5,48.5,49.5,50.5
0,0.014978,0.0040028,0.00359352,0.00377745,0.00534351,0.00673687,0.00582221,0.0101295,0.0175439,0.0247864,0.0485326,0.100646,0.254512,0.489077,0.624672,0.662862,0.690529,0.714693,0.737258,0.754698,0.772012,0.787176,0.78756,0.809091,0.82904,0.836302,0.831599,0.845898,0.837573,0.849338,0.848871,0.87732,0.877228,0.875303,0.902326,0.75,0,0,0,0,0,0,0,0,0,0,0,0,0,0,0
-0.5,0.5,1.5,2.5,3.5,4.5,5.5,6.5,7.5,8.5,9.5,10.5,11.5,12.5,13.5,14.5,15.5,16.5,17.5,18.5,19.5,20.5,21.5,22.5,23.5,24.5,25.5,26.5,27.5,28.5,29.5,30.5,31.5,32.5,33.5,34.5,35.5,36.5,37.5,38.5,39.5,40.5,41.5,42.5,43.5,44.5,45.5,46.5,47.5,48.5,49.5,50.5
0,0.00814978,0.00265186,0.0022975,0.00204612,0.00220526,0.00596252,0.00809429,0.0160557,0.030886,0.063108,0.165163,0.389666,0.587159,0.663329,0.70219,0.712379,0.715492,0.73138,0.728687,0.72321,0.72371,0.72855,0.725997,0.757091,0.767369,0.761662,0.771996,0.763304,0.782779,0.786424,0.785083,0.81134,0.829703,0.858354,0.846512,1,0,0,0,0,0,0,0,0,0,0,0,0,0,0,0
-0.5,0.5,1.5,2.5,3.5,4.5,5.5,6.5,7.5,8.5,9.5,10.5,11.5,12.5,13.5,14.5,15.5,16.5,17.5,18.5,19.5,20.5,21.5,22.5,23.5,24.5,25.5,26.5,27.5,28.5,29.5,30.5,31.5,32.5,33.5,34.5,35.5,36.5,37.5,38.5,39.5,40.5,41.5,42.5,43.5,44.5,45.5,46.5,47.5,48.5,49.5,50.5
0,0.0050911,0.00123769,0.00113813,0.00140818,0.00123797,0.00151141,0.00161837,0.00334064,0.00484086,0.0107534,0.0317226,0.0859668,0.261667,0.551164,0.712715,0.760784,0.792792,0.805341,0.826027,0.83104,0.832622,0.825645,0.827293,0.834478,0.825,0.835957,0.830292,0.809774,0.815542,0.819687,0.833002,0.827657,0.863281,0.826464,0.783505,0.791667,1,0,0,0,0,0,0,0,0,0,0,0,0,0,0
-0.5,0.5,1.5,2.5,3.5,4.5,5.5,6.5,7.5,8.5,9.5,10.5,11.5,12.5,13.5,14.5,15.5,16.5,17.5,18.5,19.5,20.5,21.5,22.5,23.5,24.5,25.5,26.5,27.5,28.5,29.5,30.5,31.5,32.5,33.5,34.5,35.5,36.5,37.5,38.5,39.5,40.5,41.5,42.5,43.5,44.5,45.5,46.5,47.5,48.5,49.5,50.5
0,0.00133976,0.000591939,0.000299509,0.000640082,0.000731529,0.00115875,0.0025287,0.00575027,0.0162169,0.0406549,0.117583,0.318247,0.588629,0.746361,0.796011,0.811642,0.821876,0.831892,0.845719,0.845948,0.840521,0.843624,0.839751,0.828334,0.827542,0.811579,0.82056,0.777444,0.795047,0.798528,0.818091,0.831785,0.841146,0.819957,0.747423,0.680556,1,0,0,0,0,0,0,0,0,0,0,0,0,0,0
-0.5,0.5,1.5,2.5,3.5,4.5,5.5,6.5,7.5,8.5,9.5,10.5,11.5,12.5,13.5,14.5,15.5,16.5,17.5,18.5,19.5,20.5,21.5,22.5,23.5,24.5,25.5,26.5,27.5,28.5,29.5,30.5,31.5,32.5,33.5,34.5,35.5,36.5,37.5,38.5,39.5,40.5,41.5,42.5,43.5,44.5,45.5,46.5,47.5,48.5,49.5,50.5
0,0.00223302,0.000488672,0.000628607,0.000835422,0.000814531,0.00290054,0.0057975,0.0148771,0.0436348,0.154722,0.462775,0.695019,0.768439,0.773469,0.775,0.781255,0.77389,0.782086,0.778991,0.791657,0.788163,0.786725,0.823257,0.82014,0.832092,0.833057,0.839506,0.829705,0.843027,0.862651,0,0,0,0,0,0,0,0,0,0,0,0,0,0,0,0,0,0,0,0,0
-0.5,0.5,1.5,2.5,3.5,4.5,5.5,6.5,7.5,8.5,9.5,10.5,11.5,12.5,13.5,14.5,15.5,16.5,17.5,18.5,19.5,20.5,21.5,22.5,23.5,24.5,25.5,26.5,27.5,28.5,29.5,30.5,31.5,32.5,33.5,34.5,35.5,36.5,37.5,38.5,39.5,40.5,41.5,42.5,43.5,44.5,45.5,46.5,47.5,48.5,49.5,50.5
0,0.00105083,0.000577521,0.000685753,0.000683527,0.00211778,0.0053431,0.0146318,0.0381016,0.121795,0.397846,0.688532,0.779598,0.776823,0.786879,0.767308,0.759458,0.75805,0.762605,0.747762,0.747046,0.751205,0.755169,0.757625,0.757858,0.776226,0.778072,0.783265,0.803371,0.814572,0.8249,0,0,0,0,0,0,0,0,0,0,0,0,0,0,0,0,0,0,0,0,0
-0.5,0.5,1.5,2.5,3.5,4.5,5.5,6.5,7.5,8.5,9.5,10.5,11.5,12.5,13.5,14.5,15.5,16.5,17.5,18.5,19.5,20.5,21.5,22.5,23.5,24.5,25.5,26.5,27.5,28.5,29.5,30.5,31.5,32.5,33.5,34.5,35.5,36.5,37.5,38.5,39.5,40.5,41.5,42.5,43.5,44.5,45.5,46.5,47.5,48.5,49.5,50.5
0,0.000381243,0.000101564,0.000371058,0.000191253,0.000437326,0.000595533,0.00233207,0.00737405,0.0293288,0.109943,0.396814,0.706579,0.820438,0.826359,0.841015,0.848888,0.841258,0.844733,0.848318,0.848404,0.847633,0.84159,0.837722,0.82657,0.816395,0.815291,0.843799,0.837942,0.849084,0.831784,0.758491,0.875,0,0,0,0,0,0,0,0,0,0,0,0,0,0,0,0,0,0,0
-0.5,0.5,1.5,2.5,3.5,4.5,5.5,6.5,7.5,8.5,9.5,10.5,11.5,12.5,13.5,14.5,15.5,16.5,17.5,18.5,19.5,20.5,21.5,22.5,23.5,24.5,25.5,26.5,27.5,28.5,29.5,30.5,31.5,32.5,33.5,34.5,35.5,36.5,37.5,38.5,39.5,40.5,41.5,42.5,43.5,44.5,45.5,46.5,47.5,48.5,49.5,50.5
0,0.00114373,0.000152346,0.000247372,0.000318756,0.000601323,0.00124069,0.00552598,0.022291,0.0959454,0.349571,0.695599,0.832599,0.853342,0.866193,0.854234,0.862735,0.86094,0.863841,0.857753,0.846154,0.843547,0.849006,0.829181,0.821871,0.823133,0.801083,0.798273,0.806452,0.835897,0.830855,0.784906,0.4375,0,0,0,0,0,0,0,0,0,0,0,0,0,0,0,0,0,0,0
-0.5,0.5,1.5,2.5,3.5,4.5,5.5,6.5,7.5,8.5,9.5,10.5,11.5,12.5,13.5,14.5,15.5,16.5,17.5,18.5,19.5,20.5,21.5,22.5,23.5,24.5,25.5,26.5,27.5,28.5,29.5,30.5,31.5,32.5,33.5,34.5,35.5,36.5,37.5,38.5,39.5,40.5,41.5,42.5,43.5,44.5,45.5,46.5,47.5,48.5,49.5,50.5
0,0.0108986,0.00240999,0.00309579,0.00366629,0.00362797,0.00554081,0.00840034,0.0152957,0.0293545,0.0549279,0.140403,0.359793,0.612201,0.693112,0.716823,0.740768,0.75649,0.764706,0.77058,0.785923,0.78263,0.7897,0.79692,0.802529,0.822853,0.831955,0.846581,0.844299,0.836229,0.847614,0.854176,0.857945,0.874502,0,0,0,0,0,0,0,0,0,0,0,0,0,0,0,0,0,0
-0.5,0.5,1.5,2.5,3.5,4.5,5.5,6.5,7.5,8.5,9.5,10.5,11.5,12.5,13.5,14.5,15.5,16.5,17.5,18.5,19.5,20.5,21.5,22.5,23.5,24.5,25.5,26.5,27.5,28.5,29.5,30.5,31.5,32.5,33.5,34.5,35.5,36.5,37.5,38.5,39.5,40.5,41.5,42.5,43.5,44.5,45.5,46.5,47.5,48.5,49.5,50.5
0,0.00246761,0.000771196,0.000584112,0.000897868,0.00206135,0.00296551,0.00581562,0.0110129,0.0176704,0.0341254,0.0885011,0.254833,0.528895,0.688242,0.732269,0.760924,0.76142,0.76181,0.770786,0.776029,0.766075,0.76985,0.76903,0.777544,0.794794,0.794575,0.816036,0.800163,0.80669,0.808179,0.815951,0.849117,0.863546,0,0,0,0,0,0,0,0,0,0,0,0,0,0,0,0,0,0
-0.5,0.5,1.5,2.5,3.5,4.5,5.5,6.5,7.5,8.5,9.5,10.5,11.5,12.5,13.5,14.5,15.5,16.5,17.5,18.5,19.5,20.5,21.5,22.5,23.5,24.5,25.5,26.5,27.5,28.5,29.5,30.5,31.5,32.5,33.5,34.5,35.5,36.5,37.5,38.5,39.5,40.5,41.5,42.5,43.5,44.5,45.5,46.5,47.5,48.5,49.5,50.5
0,0.00401929,0.000640168,0.00071933,0.00108064,0.000637349,0.00137938,0.00361342,0.00730268,0.0192801,0.057971,0.175518,0.456296,0.695338,0.790815,0.817333,0.836099,0.840598,0.842758,0.848893,0.853906,0.853024,0.848588,0.839516,0.848948,0.818351,0.854449,0.830189,0.842441,0.840471,0.837775,0.853211,0.853448,0.797101,0.747126,0.5,0,0,0,0,0,0,0,0,0,0,0,0,0,0,0,0
-0.5,0.5,1.5,2.5,3.5,4.5,5.5,6.5,7.5,8.5,9.5,10.5,11.5,12.5,13.5,14.5,15.5,16.5,17.5,18.5,19.5,20.5,21.5,22.5,23.5,24.5,25.5,26.5,27.5,28.5,29.5,30.5,31.5,32.5,33.5,34.5,35.5,36.5,37.5,38.5,39.5,40.5,41.5,42.5,43.5,44.5,45.5,46.5,47.5,48.5,49.5,50.5
0,0.00428725,0.00110574,0.00189642,0.00202621,0.00220175,0.00350151,0.00668752,0.0142548,0.0385602,0.10369,0.312005,0.615427,0.785608,0.836518,0.847466,0.851469,0.856923,0.860284,0.859225,0.856495,0.861444,0.843003,0.843548,0.838432,0.815871,0.794118,0.814751,0.818761,0.815846,0.821553,0.817824,0.82069,0.786232,0.678161,0.5,0,0,0,0,0,0,0,0,0,0,0,0,0,0,0,0
-0.5,0.5,1.5,2.5,3.5,4.5,5.5,6.5,7.5,8.5,9.5,10.5,11.5,12.5,13.5,14.5,15.5,16.5,17.5,18.5,19.5,20.5,21.5,22.5,23.5,24.5,25.5,26.5,27.5,28.5,29.5,30.5,31.5,32.5,33.5,34.5,35.5,36.5,37.5,38.5,39.5,40.5,41.5,42.5,43.5,44.5,45.5,46.5,47.5,48.5,49.5,50.5
0,0.00111907,0.000349913,0.000228754,0.00065043,0.00115732,0.00306407,0.00920882,0.0256899,0.0819924,0.28212,0.597811,0.764136,0.794413,0.803617,0.794959,0.800205,0.794486,0.79881,0.795516,0.808443,0.812237,0.830662,0.829529,0.837721,0.845895,0.843491,0.843977,0.851125,0.84141,0.860238,0.830743,0.862588,0.865052,0.84129,0.875203,0.868996,0.874233,0.884615,0.831776,0.888889,0.909091,1,0,0,0,0,0,0,0,0,0
-0.5,0.5,1.5,2.5,3.5,4.5,5.5,6.5,7.5,8.5,9.5,10.5,11.5,12.5,13.5,14.5,15.5,16.5,17.5,18.5,19.5,20.5,21.5,22.5,23.5,24.5,25.5,26.5,27.5,28.5,29.5,30.5,31.5,32.5,33.5,34.5,35.5,36.5,37.5,38.5,39.5,40.5,41.5,42.5,43.5,44.5,45.5,46.5,47.5,48.5,49.5,50.5
0,0.000447628,4.99875e-05,0.000171566,0,0.000694391,0.00181058,0.00402075,0.0111917,0.0247045,0.0712788,0.235314,0.54097,0.721178,0.761883,0.758034,0.766004,0.762072,0.761621,0.75948,0.753518,0.757989,0.767839,0.775209,0.791886,0.783984,0.793004,0.786985,0.79033,0.789648,0.807128,0.803972,0.80341,0.798155,0.861935,0.857374,0.853712,0.861963,0.891026,0.878505,0.851852,0.863636,0.5,0,0,0,0,0,0,0,0,0
-0.5,0.5,1.5,2.5,3.5,4.5,5.5,6.5,7.5,8.5,9.5,10.5,11.5,12.5,13.5,14.5,15.5,16.5,17.5,18.5,19.5,20.5,21.5,22.5,23.5,24.5,25.5,26.5,27.5,28.5,29.5,30.5,31.5,32.5,33.5,34.5,35.5,36.5,37.5,38.5,39.5,40.5,41.5,42.5,43.5,44.5,45.5,46.5,47.5,48.5,49.5,50.5
0,0.000233918,0.000114149,0,0,0.000309023,0.000289486,0.00119829,0.00331623,0.0190093,0.0653234,0.26378,0.59599,0.790712,0.842744,0.838101,0.854976,0.849168,0.85282,0.854082,0.845414,0.846243,0.847096,0.831341,0.824521,0.818382,0.821712,0.79978,0.828283,0.868597,0.854712,0.791429,0.785714,0.777778,0,0,0,0,0,0,0,0,0,0,0,0,0,0,0,0,0,0
-0.5,0.5,1.5,2.5,3.5,4.5,5.5,6.5,7.5,8.5,9.5,10.5,11.5,12.5,13.5,14.5,15.5,16.5,17.5,18.5,19.5,20.5,21.5,22.5,23.5,24.5,25.5,26.5,27.5,28.5,29.5,30.5,31.5,32.5,33.5,34.5,35.5,36.5,37.5,38.5,39.5,40.5,41.5,42.5,43.5,44.5,45.5,46.5,47.5,48.5,49.5,50.5
0,0.0025731,0.000228297,0.000830852,0.00108546,0.00173053,0.00283696,0.00467903,0.00882243,0.0208825,0.0442952,0.168269,0.469198,0.714551,0.812164,0.830789,0.847746,0.846699,0.86034,0.842765,0.857143,0.847404,0.846046,0.831341,0.823359,0.805147,0.808473,0.79868,0.817059,0.800668,0.836387,0.808571,0.714286,0.555556,0,0,0,0,0,0,0,0,0,0,0,0,0,0,0,0,0,0
-0.5,0.5,1.5,2.5,3.5,4.5,5.5,6.5,7.5,8.5,9.5,10.5,11.5,12.5,13.5,14.5,15.5,16.5,17.5,18.5,19.5,20.5,21.5,22.5,23.5,24.5,25.5,26.5,27.5,28.5,29.5,30.5,31.5,32.5,33.5,34.5,35.5,36.5,37.5,38.5,39.5,40.5,41.5,42.5,43.5,44.5,45.5,46.5,47.5,48.5,49.5,50.5
0,0.0132655,0.0121248,0.0134459,0.0128788,0.0115756,0.0114293,0.0133721,0.0135953,0.013146,0.0115936,0.0152284,0.0120125,0.0127006,0.0123183,0.0145717,0.0124861,0.0138757,0.0154832,0.013913,0.0122031,0.0145631,0.0168625,0.0159297,0.0140458,0.0166503,0.0171007,0.0139766,0.0178984,0.0217391,0.00915903,0.0110331,0.0196305,0.00947226,0.0149893,0.010274,0.00680272,0.01,0,0,0,0,0,0,0,0,0,0,0,0,0,0
-0.5,0.5,1.5,2.5,3.5,4.5,5.5,6.5,7.5,8.5,9.5,10.5,11.5,12.5,13.5,14.5,15.5,16.5,17.5,18.5,19.5,20.5,21.5,22.5,23.5,24.5,25.5,26.5,27.5,28.5,29.5,30.5,31.5,32.5,33.5,34.5,35.5,36.5,37.5,38.5,39.5,40.5,41.5,42.5,43.5,44.5,45.5,46.5,47.5,48.5,49.5,50.5
0,0.000726876,0.000227056,0.000388932,0.000895317,0.00150054,0.00425424,0.00848837,0.0216207,0.04423,0.110914,0.325201,0.617949,0.746185,0.7725,0.776736,0.785794,0.785714,0.797117,0.798261,0.807583,0.812067,0.821666,0.836858,0.840305,0.842638,0.828993,0.837241,0.846998,0.842216,0.855953,0.878636,0.84642,0.870095,0.873662,0.859589,0.884354,0.9,0.891304,1,0,0,0,0,0,0,0,0,0,0,0,0
-0.5,0.5,1.5,2.5,3.5,4.5,5.5,6.5,7.5,8.5,9.5,10.5,11.5,12.5,13.5,14.5,15.5,16.5,17.5,18.5,19.5,20.5,21.5,22.5,23.5,24.5,25.5,26.5,27.5,28.5,29.5,30.5,31.5,32.5,33.5,34.5,35.5,36.5,37.5,38.5,39.5,40.5,41.5,42.5,43.5,44.5,45.5,46.5,47.5,48.5,49.5,50.5
0,0.0142468,0.0181104,0.019197,0.0223101,0.0223053,0.0212646,0.0196707,0.021168,0.0201097,0.0189031,0.0199963,0.0209049,0.0168426,0.0184718,0.0204262,0.0195983,0.0165275,0.0167257,0.0197079,0.0209216,0.0278047,0.017134,0.0200721,0.0177282,0.0201225,0.0203488,0.0188501,0.0159027,0.0199005,0,0,0,0,0,0,0,0,0,0,0,0,0,0,0,0,0,0,0,0,0,0
-0.5,0.5,1.5,2.5,3.5,4.5,5.5,6.5,7.5,8.5,9.5,10.5,11.5,12.5,13.5,14.5,15.5,16.5,17.5,18.5,19.5,20.5,21.5,22.5,23.5,24.5,25.5,26.5,27.5,28.5,29.5,30.5,31.5,32.5,33.5,34.5,35.5,36.5,37.5,38.5,39.5,40.5,41.5,42.5,43.5,44.5,45.5,46.5,47.5,48.5,49.5,50.5
0,0.00240115,0.000818241,0.00102579,0.00197785,0.00251615,0.00656701,0.0123806,0.027566,0.0786106,0.222175,0.548931,0.771157,0.831687,0.841993,0.846583,0.855847,0.848054,0.850059,0.838859,0.848782,0.843518,0.834502,0.833762,0.818779,0.80315,0.823643,0.849199,0.842844,0.781095,0.829787,0,0,0,0,0,0,0,0,0,0,0,0,0,0,0,0,0,0,0,0,0
-0.5,0.5,1.5,2.5,3.5,4.5,5.5,6.5,7.5,8.5,9.5,10.5,11.5,12.5,13.5,14.5,15.5,16.5,17.5,18.5,19.5,20.5,21.5,22.5,23.5,24.5,25.5,26.5,27.5,28.5,29.5,30.5,31.5,32.5,33.5,34.5,35.5,36.5,37.5,38.5,39.5,40.5,41.5,42.5,43.5,44.5,45.5,46.5,47.5,48.5,49.5,50.5
0,0.000233427,0.00013971,0.000214362,0.000935391,0.00194084,0.00328495,0.00389235,0.00840096,0.0147261,0.0288648,0.0551474,0.12316,0.321456,0.687671,0.889802,0.927007,0.932476,0.932445,0.932577,0.923891,0.93269,0.936633,0.927913,0.925982,0.929825,0.934066,0.925598,0.924192,0.914798,0.918308,0.923967,0.931965,0.934211,0,0,0,0,0,0,0,0,0,0,0,0,0,0,0,0,0,0
-0.5,0.5,1.5,2.5,3.5,4.5,5.5,6.5,7.5,8.5,9.5,10.5,11.5,12.5,13.5,14.5,15.5,16.5,17.5,18.5,19.5,20.5,21.5,22.5,23.5,24.5,25.5,26.5,27.5,28.5,29.5,30.5,31.5,32.5,33.5,34.5,35.5,36.5,37.5,38.5,39.5,40.5,41.5,42.5,43.5,44.5,45.5,46.5,47.5,48.5,49.5,50.5
0,0,4.65701e-05,0.000160772,0.00073495,0.00120466,0.00185152,0.00255783,0.00502915,0.00929739,0.0185252,0.0341782,0.0761038,0.161172,0.366068,0.61385,0.734936,0.757403,0.765748,0.765135,0.766494,0.771773,0.787379,0.7924,0.786476,0.797418,0.810534,0.794951,0.78874,0.800128,0.821553,0.858402,0.835853,0.763158,0,0,0,0,0,0,0,0,0,0,0,0,0,0,0,0,0,0
-0.5,0.5,1.5,2.5,3.5,4.5,5.5,6.5,7.5,8.5,9.5,10.5,11.5,12.5,13.5,14.5,15.5,16.5,17.5,18.5,19.5,20.5,21.5,22.5,23.5,24.5,25.5,26.5,27.5,28.5,29.5,30.5,31.5,32.5,33.5,34.5,35.5,36.5,37.5,38.5,39.5,40.5,41.5,42.5,43.5,44.5,45.5,46.5,47.5,48.5,49.5,50.5
0,0.000648298,0,8.20883e-05,0.000274725,0.000329815,0.00060758,0.00100456,0.00253599,0.0058205,0.0148419,0.038829,0.0938457,0.252089,0.56889,0.81545,0.879842,0.890545,0.898627,0.900513,0.898846,0.900039,0.902982,0.894652,0.904903,0.890845,0.904459,0.911628,0.895911,0.906188,0.890295,0.911422,0.891129,0.928571,1,0,0,0,0,0,0,0,0,0,0,0,0,0,0,0,0,0
-0.5,0.5,1.5,2.5,3.5,4.5,5.5,6.5,7.5,8.5,9.5,10.5,11.5,12.5,13.5,14.5,15.5,16.5,17.5,18.5,19.5,20.5,21.5,22.5,23.5,24.5,25.5,26.5,27.5,28.5,29.5,30.5,31.5,32.5,33.5,34.5,35.5,36.5,37.5,38.5,39.5,40.5,41.5,42.5,43.5,44.5,45.5,46.5,47.5,48.5,49.5,50.5
0,0,0.000132153,0.000164177,0.0003663,0.000659631,0.00129111,0.00108183,0.00351767,0.00675929,0.0123683,0.02805,0.0594542,0.166325,0.415433,0.702249,0.842357,0.866073,0.865169,0.865165,0.876443,0.870867,0.85045,0.860428,0.845468,0.848592,0.796178,0.787597,0.795539,0.772455,0.801688,0.815851,0.758065,0.630952,0.322581,0,0,0,0,0,0,0,0,0,0,0,0,0,0,0,0,0
-0.5,0.5,1.5,2.5,3.5,4.5,5.5,6.5,7.5,8.5,9.5,10.5,11.5,12.5,13.5,14.5,15.5,16.5,17.5,18.5,19.5,20.5,21.5,22.5,23.5,24.5,25.5,26.5,27.5,28.5,29.5,30.5,31.5,32.5,33.5,34.5,35.5,36.5,37.5,38.5,39.5,40.5,41.5,42.5,43.5,44.5,45.5,46.5,47.5,48.5,49.5,50.5
0,0,5.08699e-05,0.000109218,0.000201261,0.00062288,0.00142857,0.00556711,0.00939159,0.0247158,0.0680909,0.239508,0.537892,0.738515,0.783889,0.793312,0.796248,0.791647,0.789474,0.796881,0.799441,0.817851,0.822753,0.830902,0.834068,0.829567,0.842505,0.838072,0.833902,0.827257,0.827897,0.833621,0.854442,0.853579,0.875294,0.886059,0.87234,0.871921,0.860656,0.888889,0.826531,0.865385,0.848485,0.8,0.8,0,0,0,0,0,0,0
-0.5,0.5,1.5,2.5,3.5,4.5,5.5,6.5,7.5,8.5,9.5,10.5,11.5,12.5,13.5,14.5,15.5,16.5,17.5,18.5,19.5,20.5,21.5,22.5,23.5,24.5,25.5,26.5,27.5,28.5,29.5,30.5,31.5,32.5,33.5,34.5,35.5,36.5,37.5,38.5,39.5,40.5,41.5,42.5,43.5,44.5,45.5,46.5,47.5,48.5,49.5,50.5
0,0,5.08699e-05,5.4609e-05,0.000201261,0.000692089,0.00111801,0.00191194,0.00414163,0.0101953,0.0240783,0.0823407,0.277448,0.561335,0.717244,0.763327,0.771327,0.781598,0.78461,0.786991,0.788478,0.790824,0.793129,0.790113,0.804993,0.823112,0.805938,0.81747,0.811982,0.803141,0.789035,0.837069,0.842155,0.860087,0.865882,0.872654,0.86252,0.894089,0.885246,0.881481,0.826531,0.884615,0.909091,0.866667,1,0,0,0,0,0,0,0
-0.5,0.5,1.5,2.5,3.5,4.5,5.5,6.5,7.5,8.5,9.5,10.5,11.5,12.5,13.5,14.5,15.5,16.5,17.5,18.5,19.5,20.5,21.5,22.5,23.5,24.5,25.5,26.5,27.5,28.5,29.5,30.5,31.5,32.5,33.5,34.5,35.5,36.5,37.5,38.5,39.5,40.5,41.5,42.5,43.5,44.5,45.5,46.5,47.5,48.5,49.5,50.5
0,0,0.000222585,0.000353419,0.00129983,0.00211416,0.00371151,0.0104548,0.0230521,0.0651115,0.221858,0.548259,0.774436,0.843561,0.850891,0.836449,0.841546,0.818003,0.834383,0.823607,0.820321,0.810644,0.809486,0.805876,0.803594,0.771574,0.75817,0.773649,0.764925,0.79386,0.810651,0.837209,0.779221,0.777778,0.657143,0.642857,0.5625,0.583333,0.785714,0.727273,0.8,1,0,0,0,0,0,0,0,0,0,0
-0.5,0.5,1.5,2.5,3.5,4.5,5.5,6.5,7.5,8.5,9.5,10.5,11.5,12.5,13.5,14.5,15.5,16.5,17.5,18.5,19.5,20.5,21.5,22.5,23.5,24.5,25.5,26.5,27.5,28.5,29.5,30.5,31.5,32.5,33.5,34.5,35.5,36.5,37.5,38.5,39.5,40.5,41.5,42.5,43.5,44.5,45.5,46.5,47.5,48.5,49.5,50.5
0,0.00032113,0.00014839,0.00017671,0.000324957,0.000528541,0.00120373,0.00209096,0.0049562,0.0235837,0.105293,0.380222,0.681525,0.813949,0.845928,0.846054,0.830333,0.826873,0.821415,0.812637,0.812299,0.810644,0.799035,0.792235,0.783055,0.717428,0.671024,0.621622,0.61194,0.631579,0.686391,0.674419,0.584416,0.460317,0.571429,0.571429,0.125,0.25,0.142857,0.363636,0,0,0,0,0,0,0,0,0,0,0,0
-0.5,0.5,1.5,2.5,3.5,4.5,5.5,6.5,7.5,8.5,9.5,10.5,11.5,12.5,13.5,14.5,15.5,16.5,17.5,18.5,19.5,20.5,21.5,22.5,23.5,24.5,25.5,26.5,27.5,28.5,29.5,30.5,31.5,32.5,33.5,34.5,35.5,36.5,37.5,38.5,39.5,40.5,41.5,42.5,43.5,44.5,45.5,46.5,47.5,48.5,49.5,50.5
0,0.000326087,0.000147856,0.000211193,0.000392054,0.000587889,0.000685401,0.000750348,0.00214168,0.00393283,0.0090172,0.020355,0.0493998,0.130491,0.350077,0.634223,0.770141,0.811341,0.81708,0.83745,0.825407,0.835203,0.847432,0.85563,0.845995,0.846349,0.848139,0.851776,0.840129,0.856964,0.886053,0.866218,0.88125,0,0,0,0,0,0,0,0,0,0,0,0,0,0,0,0,0,0,0
-0.5,0.5,1.5,2.5,3.5,4.5,5.5,6.5,7.5,8.5,9.5,10.5,11.5,12.5,13.5,14.5,15.5,16.5,17.5,18.5,19.5,20.5,21.5,22.5,23.5,24.5,25.5,26.5,27.5,28.5,29.5,30.5,31.5,32.5,33.5,34.5,35.5,36.5,37.5,38.5,39.5,40.5,41.5,42.5,43.5,44.5,45.5,46.5,47.5,48.5,49.5,50.5
0,0,0,0,6.53424e-05,6.53211e-05,5.71167e-05,0.000214385,0.000823723,0.00274674,0.009157,0.0245074,0.0792244,0.239607,0.572918,0.859076,0.963782,0.984421,0.992032,0.988874,0.994994,0.993362,0.996224,0.994983,0.99527,0.996023,0.995347,0.996397,0.996764,0.997502,0.998813,0.998075,1,0,0,0,0,0,0,0,0,0,0,0,0,0,0,0,0,0,0,0
-0.5,0.5,1.5,2.5,3.5,4.5,5.5,6.5,7.5,8.5,9.5,10.5,11.5,12.5,13.5,14.5,15.5,16.5,17.5,18.5,19.5,20.5,21.5,22.5,23.5,24.5,25.5,26.5,27.5,28.5,29.5,30.5,31.5,32.5,33.5,34.5,35.5,36.5,37.5,38.5,39.5,40.5,41.5,42.5,43.5,44.5,45.5,46.5,47.5,48.5,49.5,50.5
0,0,0.000109926,0.000107158,0,0.000331565,0.000364697,0.000192678,0.000415282,0.000659921,0.00175,0.00171576,0.00521853,0.0100386,0.0229494,0.0508721,0.159533,0.360855,0.58296,0.695506,0.744536,0.745578,0.744318,0.736022,0.738527,0.721739,0.713235,0.703316,0.69697,0.672973,0.655589,0.582329,0.60515,0.673469,0.5375,0.716312,0.556391,0.670588,0.769231,0.580645,0.467742,0.424242,0.5,0,0,0,0,0,0,0,0,0
-0.5,0.5,1.5,2.5,3.5,4.5,5.5,6.5,7.5,8.5,9.5,10.5,11.5,12.5,13.5,14.5,15.5,16.5,17.5,18.5,19.5,20.5,21.5,22.5,23.5,24.5,25.5,26.5,27.5,28.5,29.5,30.5,31.5,32.5,33.5,34.5,35.5,36.5,37.5,38.5,39.5,40.5,41.5,42.5,43.5,44.5,45.5,46.5,47.5,48.5,49.5,50.5
0,0.00090212,0,0.000107158,0,0.000165782,0,0,0,0,0,0,0.000652316,0.003861,0.0080748,0.0164729,0.0583658,0.147806,0.300448,0.54326,0.790984,0.908844,0.974838,0.985335,0.998933,0.996273,0.997059,1,0.998106,0.997297,1,1,1,1,1,0.992908,1,1,1,1,1,1,1,0,0,0,0,0,0,0,0,0
-0.5,0.5,1.5,2.5,3.5,4.5,5.5,6.5,7.5,8.5,9.5,10.5,11.5,12.5,13.5,14.5,15.5,16.5,17.5,18.5,19.5,20.5,21.5,22.5,23.5,24.5,25.5,26.5,27.5,28.5,29.5,30.5,31.5,32.5,33.5,34.5,35.5,36.5,37.5,38.5,39.5,40.5,41.5,42.5,43.5,44.5,45.5,46.5,47.5,48.5,49.5,50.5
0,0,0,0,0,0,0,0,0,0,0,0,0,0,0,0,0,0,0,0,0,0,0,0,0,0,0,0,0,0,0,0,0,0,0,0,0,0,0,0,0,0,0,0,0,0,0,0,0,0,0,0
-0.5,0.5,1.5,2.5,3.5,4.5,5.5,6.5,7.5,8.5,9.5,10.5,11.5,12.5,13.5,14.5,15.5,16.5,17.5,18.5,19.5,20.5,21.5,22.5,23.5,24.5,25.5,26.5,27.5,28.5,29.5,30.5,31.5,32.5,33.5,34.5,35.5,36.5,37.5,38.5,39.5,40.5,41.5,42.5,43.5,44.5,45.5,46.5,47.5,48.5,49.5,50.5
0,0,0,0,0,0,0,0,0,0,0,0,0,0,0,0,0,0,0,0,0,0,0,0,0,0,0,0,0,0,0,0,0,0,0,0,0,0,0,0,0,0,0,0,0,0,0,0,0,0,0,0
-0.5,0.5,1.5,2.5,3.5,4.5,5.5,6.5,7.5,8.5,9.5,10.5,11.5,12.5,13.5,14.5,15.5,16.5,17.5,18.5,19.5,20.5,21.5,22.5,23.5,24.5,25.5,26.5,27.5,28.5,29.5,30.5,31.5,32.5,33.5,34.5,35.5,36.5,37.5,38.5,39.5,40.5,41.5,42.5,43.5,44.5,45.5,46.5,47.5,48.5,49.5,50.5
0,0,0,0,0,0,0,0,0,0,0,0,0,0,0,0,0,0,0,0,0,0,0,0,0,0,0,0,0,0,0,0,0,0,0,0,0,0,0,0,0,0,0,0,0,0,0,0,0,0,0,0
-0.5,0.5,1.5,2.5,3.5,4.5,5.5,6.5,7.5,8.5,9.5,10.5,11.5,12.5,13.5,14.5,15.5,16.5,17.5,18.5,19.5,20.5,21.5,22.5,23.5,24.5,25.5,26.5,27.5,28.5,29.5,30.5,31.5,32.5,33.5,34.5,35.5,36.5,37.5,38.5,39.5,40.5,41.5,42.5,43.5,44.5,45.5,46.5,47.5,48.5,49.5,50.5
0,0,0,0,0,0,0,0,0,0,0,0,0,0,0,0,0,0,0,0,0,0,0,0,0,0,0,0,0,0,0,0,0,0,0,0,0,0,0,0,0,0,0,0,0,0,0,0,0,0,0,0
-0.5,0.5,1.5,2.5,3.5,4.5,5.5,6.5,7.5,8.5,9.5,10.5,11.5,12.5,13.5,14.5,15.5,16.5,17.5,18.5,19.5,20.5,21.5,22.5,23.5,24.5,25.5,26.5,27.5,28.5,29.5,30.5,31.5,32.5,33.5,34.5,35.5,36.5,37.5,38.5,39.5,40.5,41.5,42.5,43.5,44.5,45.5,46.5,47.5,48.5,49.5,50.5
0,0.000226886,2.05398e-05,0.000182133,0.000420336,0.00148243,0.00558075,0.0144688,0.0450991,0.128198,0.314264,0.517181,0.614862,0.625918,0.619819,0.604146,0.604195,0.602519,0.617743,0.621158,0.635006,0.64148,0.647415,0.653077,0.650629,0.646118,0.639663,0.650019,0.669427,0.684768,0,0,0,0,0,0,0,0,0,0,0,0,0,0,0,0,0,0,0,0,0,0
-0.5,0.5,1.5,2.5,3.5,4.5,5.5,6.5,7.5,8.5,9.5,10.5,11.5,12.5,13.5,14.5,15.5,16.5,17.5,18.5,19.5,20.5,21.5,22.5,23.5,24.5,25.5,26.5,27.5,28.5,29.5,30.5,31.5,32.5,33.5,34.5,35.5,36.5,37.5,38.5,39.5,40.5,41.5,42.5,43.5,44.5,45.5,46.5,47.5,48.5,49.5,50.5
0,0,0,0,0,0,0,0,0,0,0,0,0,0,0,0,0,0,0,0,0,0,0,0,0,0,0,0,0,0,0,0,0,0,0,0,0,0,0,0,0,0,0,0,0,0,0,0,0,0,0,0
-0.5,0.5,1.5,2.5,3.5,4.5,5.5,6.5,7.5,8.5,9.5,10.5,11.5,12.5,13.5,14.5,15.5,16.5,17.5,18.5,19.5,20.5,21.5,22.5,23.5,24.5,25.5,26.5,27.5,28.5,29.5,30.5,31.5,32.5,33.5,34.5,35.5,36.5,37.5,38.5,39.5,40.5,41.5,42.5,43.5,44.5,45.5,46.5,47.5,48.5,49.5,50.5
0,0,0,0,1.85288e-05,7.83453e-05,0.000443066,0.00135839,0.00337098,0.0115373,0.0312072,0.0807325,0.191062,0.391027,0.590398,0.679867,0.704186,0.715727,0.700331,0.707288,0.703383,0.693261,0.696601,0.692153,0.691442,0.685262,0.694537,0.690306,0.683769,0.689595,0.685079,0.684704,0.693413,0.697125,0.683276,0.681186,0.68,1,0,0,0,0,0,0,0,0,0,0,0,0,0,0
-0.5,0.5,1.5,2.5,3.5,4.5,5.5,6.5,7.5,8.5,9.5,10.5,11.5,12.5,13.5,14.5,15.5,16.5,17.5,18.5,19.5,20.5,21.5,22.5,23.5,24.5,25.5,26.5,27.5,28.5,29.5,30.5,31.5,32.5,33.5,34.5,35.5,36.5,37.5,38.5,39.5,40.5,41.5,42.5,43.5,44.5,45.5,46.5,47.5,48.5,49.5,50.5
0,0,0,0,0,0,0,0,0,0,0,0,0,0,0,0,0,0,0,0,0,0,0,0,0,0,0,0,0,0,0,0,0,0,0,0,0,0,0,0,0,0,0,0,0,0,0,0,0,0,0,0
-0.5,0.5,1.5,2.5,3.5,4.5,5.5,6.5,7.5,8.5,9.5,10.5,11.5,12.5,13.5,14.5,15.5,16.5,17.5,18.5,19.5,20.5,21.5,22.5,23.5,24.5,25.5,26.5,27.5,28.5,29.5,30.5,31.5,32.5,33.5,34.5,35.5,36.5,37.5,38.5,39.5,40.5,41.5,42.5,43.5,44.5,45.5,46.5,47.5,48.5,49.5,50.5
0,0,0,2.13762e-05,5.91017e-05,0.000272521,0.000740387,0.00285741,0.00826094,0.0274155,0.0816539,0.224469,0.452436,0.64803,0.724263,0.741122,0.740864,0.747193,0.751805,0.767493,0.771932,0.785416,0.783978,0.791987,0.788101,0.788766,0.787628,0.786617,0.785536,0.787863,0.799586,0.807607,0.806146,0.810933,0.823746,0,0,0,0,0,0,0,0,0,0,0,0,0,0,0,0,0
-0.5,0.5,1.5,2.5,3.5,4.5,5.5,6.5,7.5,8.5,9.5,10.5,11.5,12.5,13.5,14.5,15.5,16.5,17.5,18.5,19.5,20.5,21.5,22.5,23.5,24.5,25.5,26.5,27.5,28.5,29.5,30.5,31.5,32.5,33.5,34.5,35.5,36.5,37.5,38.5,39.5,40.5,41.5,42.5,43.5,44.5,45.5,46.5,47.5,48.5,49.5,50.5
0,5.51542e-05,2.05099e-05,2.13762e-05,0.000197006,0.000817562,0.00175543,0.00490829,0.0115791,0.0279739,0.0629141,0.134266,0.26805,0.450831,0.580733,0.625463,0.637896,0.635446,0.643939,0.653633,0.657233,0.656989,0.660943,0.665024,0.668136,0.67001,0.667264,0.668154,0.664784,0.667107,0.663011,0.676976,0.682792,0.680436,0.692907,0,0,0,0,0,0,0,0,0,0,0,0,0,0,0,0,0
-0.5,0.5,1.5,2.5,3.5,4.5,5.5,6.5,7.5,8.5,9.5,10.5,11.5,12.5,13.5,14.5,15.5,16.5,17.5,18.5,19.5,20.5,21.5,22.5,23.5,24.5,25.5,26.5,27.5,28.5,29.5,30.5,31.5,32.5,33.5,34.5,35.5,36.5,37.5,38.5,39.5,40.5,41.5,42.5,43.5,44.5,45.5,46.5,47.5,48.5,49.5,50.5
0,0,0,0,9.60578e-05,0.000410868,0.00220325,0.0113275,0.0605824,0.254933,0.612191,0.801935,0.838326,0.839842,0.840002,0.839791,0.841734,0.835081,0.842102,0.829561,0.830173,0.826968,0.830709,0.828552,0.824031,0.824195,0.827685,0.821468,0.81824,0,0,0,0,0,0,0,0,0,0,0,0,0,0,0,0,0,0,0,0,0,0,0
-0.5,0.5,1.5,2.5,3.5,4.5,5.5,6.5,7.5,8.5,9.5,10.5,11.5,12.5,13.5,14.5,15.5,16.5,17.5,18.5,19.5,20.5,21.5,22.5,23.5,24.5,25.5,26.5,27.5,28.5,29.5,30.5,31.5,32.5,33.5,34.5,35.5,36.5,37.5,38.5,39.5,40.5,41.5,42.5,43.5,44.5,45.5,46.5,47.5,48.5,49.5,50.5
0,0,0,0,0.000134481,0.000371107,0.00224059,0.0107826,0.0499628,0.202301,0.494897,0.688649,0.736945,0.741925,0.735462,0.735079,0.736715,0.739903,0.731913,0.717847,0.711734,0.707973,0.712198,0.707011,0.691045,0.699143,0.702057,0.70298,0.6875,0,0,0,0,0,0,0,0,0,0,0,0,0,0,0,0,0,0,0,0,0,0,0
-0.5,0.5,1.5,2.5,3.5,4.5,5.5,6.5,7.5,8.5,9.5,10.5,11.5,12.5,13.5,14.5,15.5,16.5,17.5,18.5,19.5,20.5,21.5,22.5,23.5,24.5,25.5,26.5,27.5,28.5,29.5,30.5,31.5,32.5,33.5,34.5,35.5,36.5,37.5,38.5,39.5,40.5,41.5,42.5,43.5,44.5,45.5,46.5,47.5,48.5,49.5,50.5
0,5.92066e-05,8.45487e-05,0.000174802,0.000252354,0.000684532,0.00196691,0.00464241,0.0119167,0.0267186,0.0609199,0.131163,0.262166,0.45143,0.582693,0.628684,0.642273,0.65255,0.651771,0.657597,0.663346,0.667246,0.672764,0.678746,0.67251,0.674645,0.676918,0.676767,0.683758,0.68257,0.6892,0.69905,0.696438,0.703376,0,0,0,0,0,0,0,0,0,0,0,0,0,0,0,0,0,0
-0.5,0.5,1.5,2.5,3.5,4.5,5.5,6.5,7.5,8.5,9.5,10.5,11.5,12.5,13.5,14.5,15.5,16.5,17.5,18.5,19.5,20.5,21.5,22.5,23.5,24.5,25.5,26.5,27.5,28.5,29.5,30.5,31.5,32.5,33.5,34.5,35.5,36.5,37.5,38.5,39.5,40.5,41.5,42.5,43.5,44.5,45.5,46.5,47.5,48.5,49.5,50.5
0,0.00053286,0.000380469,0.000655508,0.00155295,0.00407807,0.0105281,0.0200981,0.0415523,0.0806841,0.155308,0.278374,0.45105,0.592681,0.640994,0.645848,0.640374,0.642183,0.64865,0.654897,0.659135,0.670516,0.663239,0.663536,0.66644,0.664773,0.664228,0.661062,0.66408,0.669074,0.671096,0.683803,0.680923,0.689176,0,0,0,0,0,0,0,0,0,0,0,0,0,0,0,0,0,0
-0.5,0.5,1.5,2.5,3.5,4.5,5.5,6.5,7.5,8.5,9.5,10.5,11.5,12.5,13.5,14.5,15.5,16.5,17.5,18.5,19.5,20.5,21.5,22.5,23.5,24.5,25.5,26.5,27.5,28.5,29.5,30.5,31.5,32.5,33.5,34.5,35.5,36.5,37.5,38.5,39.5,40.5,41.5,42.5,43.5,44.5,45.5,46.5,47.5,48.5,49.5,50.5
0,0,0,0,9.2548e-05,0.000131404,0.000952504,0.00447464,0.0137064,0.0467783,0.132507,0.332099,0.569576,0.695152,0.72008,0.724989,0.728883,0.721402,0.717537,0.717618,0.718016,0.700453,0.70031,0.693701,0.699572,0.685686,0.690902,0.70702,0.70348,0.704381,0.701114,0.705288,0.704359,0.6,0,0,0,0,0,0,0,0,0,0,0,0,0,0,0,0,0,0
-0.5,0.5,1.5,2.5,3.5,4.5,5.5,6.5,7.5,8.5,9.5,10.5,11.5,12.5,13.5,14.5,15.5,16.5,17.5,18.5,19.5,20.5,21.5,22.5,23.5,24.5,25.5,26.5,27.5,28.5,29.5,30.5,31.5,32.5,33.5,34.5,35.5,36.5,37.5,38.5,39.5,40.5,41.5,42.5,43.5,44.5,45.5,46.5,47.5,48.5,49.5,50.5
0,0,0,0,0,6.57022e-05,0.000244562,0.000996016,0.00326606,0.0129232,0.042537,0.142069,0.364164,0.616536,0.723135,0.744629,0.748828,0.738807,0.740945,0.735114,0.722728,0.72675,0.711643,0.719191,0.719801,0.707363,0.706529,0.703943,0.716793,0.719184,0.705843,0.716693,0.704991,0.7,0,0,0,0,0,0,0,0,0,0,0,0,0,0,0,0,0,0
-0.5,0.5,1.5,2.5,3.5,4.5,5.5,6.5,7.5,8.5,9.5,10.5,11.5,12.5,13.5,14.5,15.5,16.5,17.5,18.5,19.5,20.5,21.5,22.5,23.5,24.5,25.5,26.5,27.5,28.5,29.5,30.5,31.5,32.5,33.5,34.5,35.5,36.5,37.5,38.5,39.5,40.5,41.5,42.5,43.5,44.5,45.5,46.5,47.5,48.5,49.5,50.5
0,0,4.30348e-05,0.000110527,0.000525936,0.000974232,0.00378903,0.0100352,0.0300282,0.0779661,0.194098,0.396019,0.572735,0.635356,0.64752,0.650777,0.644555,0.645781,0.65453,0.661719,0.664763,0.661697,0.668324,0.673844,0.672705,0.680746,0.67403,0.684437,0.67486,0.678298,0.688731,0.685742,0.682852,0.71374,0,0,0,0,0,0,0,0,0,0,0,0,0,0,0,0,0,0
-0.5,0.5,1.5,2.5,3.5,4.5,5.5,6.5,7.5,8.5,9.5,10.5,11.5,12.5,13.5,14.5,15.5,16.5,17.5,18.5,19.5,20.5,21.5,22.5,23.5,24.5,25.5,26.5,27.5,28.5,29.5,30.5,31.5,32.5,33.5,34.5,35.5,36.5,37.5,38.5,39.5,40.5,41.5,42.5,43.5,44.5,45.5,46.5,47.5,48.5,49.5,50.5
0,0.0025549,0.00180746,0.0029179,0.00529832,0.0110272,0.017073,0.026855,0.0432045,0.0719798,0.122696,0.210984,0.373013,0.550239,0.641471,0.666056,0.674005,0.670775,0.675343,0.677598,0.677044,0.690474,0.688495,0.679437,0.680928,0.680304,0.678249,0.681257,0.682654,0.687643,0.699512,0.677489,0.668021,0.698473,0,0,0,0,0,0,0,0,0,0,0,0,0,0,0,0,0,0
-0.5,0.5,1.5,2.5,3.5,4.5,5.5,6.5,7.5,8.5,9.5,10.5,11.5,12.5,13.5,14.5,15.5,16.5,17.5,18.5,19.5,20.5,21.5,22.5,23.5,24.5,25.5,26.5,27.5,28.5,29.5,30.5,31.5,32.5,33.5,34.5,35.5,36.5,37.5,38.5,39.5,40.5,41.5,42.5,43.5,44.5,45.5,46.5,47.5,48.5,49.5,50.5
0,0,0,0,0,6.86295e-05,0.00013709,0.000608329,0.00191909,0.00515893,0.0168009,0.0510998,0.139819,0.324951,0.555112,0.681953,0.725832,0.727051,0.729383,0.721912,0.713072,0.712754,0.704452,0.699387,0.703111,0.70483,0.692416,0.689094,0.695644,0.692396,0.698568,0.705423,0.679856,0.691739,0.720641,0.693333,0.685022,0.666667,0,0,0,0,0,0,0,0,0,0,0,0,0,0
-0.5,0.5,1.5,2.5,3.5,4.5,5.5,6.5,7.5,8.5,9.5,10.5,11.5,12.5,13.5,14.5,15.5,16.5,17.5,18.5,19.5,20.5,21.5,22.5,23.5,24.5,25.5,26.5,27.5,28.5,29.5,30.5,31.5,32.5,33.5,34.5,35.5,36.5,37.5,38.5,39.5,40.5,41.5,42.5,43.5,44.5,45.5,46.5,47.5,48.5,49.5,50.5
0,0.000267165,0.00058392,0.000570553,0.000985793,0.00337657,0.00515457,0.0105912,0.0183169,0.0339148,0.0608509,0.110014,0.199077,0.365293,0.578542,0.723227,0.783192,0.783689,0.79093,0.781481,0.771857,0.761757,0.763809,0.76062,0.760965,0.75,0.751609,0.75672,0.74712,0.752538,0.75109,0.763202,0.750899,0.758323,0.762752,0.745185,0.797357,0.619048,0,0,0,0,0,0,0,0,0,0,0,0,0,0
-0.5,0.5,1.5,2.5,3.5,4.5,5.5,6.5,7.5,8.5,9.5,10.5,11.5,12.5,13.5,14.5,15.5,16.5,17.5,18.5,19.5,20.5,21.5,22.5,23.5,24.5,25.5,26.5,27.5,28.5,29.5,30.5,31.5,32.5,33.5,34.5,35.5,36.5,37.5,38.5,39.5,40.5,41.5,42.5,43.5,44.5,45.5,46.5,47.5,48.5,49.5,50.5
0,0.000711794,0.000538294,0.00113022,0.00240653,0.0050328,0.00979046,0.0191712,0.0384026,0.0714139,0.126229,0.218154,0.357646,0.51438,0.618782,0.656878,0.667199,0.670575,0.677854,0.680946,0.683317,0.682699,0.687596,0.68496,0.687589,0.68332,0.685897,0.689085,0.679771,0.683475,0.692752,0.696036,0.699586,0.818182,0,0,0,0,0,0,0,0,0,0,0,0,0,0,0,0,0,0
-0.5,0.5,1.5,2.5,3.5,4.5,5.5,6.5,7.5,8.5,9.5,10.5,11.5,12.5,13.5,14.5,15.5,16.5,17.5,18.5,19.5,20.5,21.5,22.5,23.5,24.5,25.5,26.5,27.5,28.5,29.5,30.5,31.5,32.5,33.5,34.5,35.5,36.5,37.5,38.5,39.5,40.5,41.5,42.5,43.5,44.5,45.5,46.5,47.5,48.5,49.5,50.5
0,0.000854153,0.000667485,0.00128535,0.00217914,0.00444151,0.00713353,0.0115214,0.0206255,0.0352122,0.0570788,0.0935834,0.155654,0.26232,0.435408,0.611295,0.714558,0.742103,0.752363,0.749893,0.749652,0.743841,0.742896,0.737815,0.748127,0.743403,0.741155,0.745418,0.741701,0.729145,0.731519,0.721864,0.717813,0.909091,0,0,0,0,0,0,0,0,0,0,0,0,0,0,0,0,0,0
-0.5,0.5,1.5,2.5,3.5,4.5,5.5,6.5,7.5,8.5,9.5,10.5,11.5,12.5,13.5,14.5,15.5,16.5,17.5,18.5,19.5,20.5,21.5,22.5,23.5,24.5,25.5,26.5,27.5,28.5,29.5,30.5,31.5,32.5,33.5,34.5,35.5,36.5,37.5,38.5,39.5,40.5,41.5,42.5,43.5,44.5,45.5,46.5,47.5,48.5,49.5,50.5
0,0,0,3.10251e-05,3.8881e-05,0.00037616,0.00180699,0.00979717,0.0545472,0.229011,0.537315,0.708443,0.737095,0.750022,0.754813,0.752624,0.749941,0.740916,0.736325,0.726758,0.715941,0.720578,0.714367,0.709017,0.698496,0.709225,0.715874,0.711712,0,0,0,0,0,0,0,0,0,0,0,0,0,0,0,0,0,0,0,0,0,0,0,0
-0.5,0.5,1.5,2.5,3.5,4.5,5.5,6.5,7.5,8.5,9.5,10.5,11.5,12.5,13.5,14.5,15.5,16.5,17.5,18.5,19.5,20.5,21.5,22.5,23.5,24.5,25.5,26.5,27.5,28.5,29.5,30.5,31.5,32.5,33.5,34.5,35.5,36.5,37.5,38.5,39.5,40.5,41.5,42.5,43.5,44.5,45.5,46.5,47.5,48.5,49.5,50.5
0,7.32815e-05,0,6.20501e-05,7.7762e-05,0.000404024,0.00108419,0.00275345,0.00661238,0.014214,0.0350327,0.0865637,0.228388,0.49769,0.73142,0.822676,0.840936,0.843239,0.845505,0.840501,0.835743,0.832885,0.828552,0.828618,0.828957,0.832601,0.825924,0.846847,0,0,0,0,0,0,0,0,0,0,0,0,0,0,0,0,0,0,0,0,0,0,0,0
-0.5,0.5,1.5,2.5,3.5,4.5,5.5,6.5,7.5,8.5,9.5,10.5,11.5,12.5,13.5,14.5,15.5,16.5,17.5,18.5,19.5,20.5,21.5,22.5,23.5,24.5,25.5,26.5,27.5,28.5,29.5,30.5,31.5,32.5,33.5,34.5,35.5,36.5,37.5,38.5,39.5,40.5,41.5,42.5,43.5,44.5,45.5,46.5,47.5,48.5,49.5,50.5
0,0.0105273,0.00558457,0.00749561,0.0131975,0.0251496,0.0434383,0.0773077,0.128887,0.224753,0.367237,0.517294,0.612353,0.655051,0.66989,0.672742,0.675867,0.687951,0.689499,0.687722,0.692089,0.687764,0.68657,0.685937,0.690095,0.689433,0.693324,0.699369,0.700311,0.709524,0,0,0,0,0,0,0,0,0,0,0,0,0,0,0,0,0,0,0,0,0,0
-0.5,0.5,1.5,2.5,3.5,4.5,5.5,6.5,7.5,8.5,9.5,10.5,11.5,12.5,13.5,14.5,15.5,16.5,17.5,18.5,19.5,20.5,21.5,22.5,23.5,24.5,25.5,26.5,27.5,28.5,29.5,30.5,31.5,32.5,33.5,34.5,35.5,36.5,37.5,38.5,39.5,40.5,41.5,42.5,43.5,44.5,45.5,46.5,47.5,48.5,49.5,50.5
0,0.00093576,0.000554194,0.00105794,0.00211007,0.00474651,0.00961808,0.0194124,0.0388439,0.0880021,0.199911,0.413775,0.617962,0.708808,0.731636,0.749826,0.747547,0.745629,0.737487,0.735705,0.732812,0.73126,0.728479,0.727768,0.728164,0.736941,0.725477,0.720456,0.708295,0.717143,0,0,0,0,0,0,0,0,0,0,0,0,0,0,0,0,0,0,0,0,0,0
-0.5,0.5,1.5,2.5,3.5,4.5,5.5,6.5,7.5,8.5,9.5,10.5,11.5,12.5,13.5,14.5,15.5,16.5,17.5,18.5,19.5,20.5,21.5,22.5,23.5,24.5,25.5,26.5,27.5,28.5,29.5,30.5,31.5,32.5,33.5,34.5,35.5,36.5,37.5,38.5,39.5,40.5,41.5,42.5,43.5,44.5,45.5,46.5,47.5,48.5,49.5,50.5
0,0.00831457,0.00257415,0.00261983,0.0054139,0.00920608,0.0181999,0.0393859,0.0939376,0.222555,0.425396,0.59594,0.687081,0.725979,0.749119,0.760991,0.761835,0.76433,0.752951,0.760664,0.751942,0.743929,0.738716,0.737723,0.718138,0.72953,0.722279,0.726086,0.713673,0.716163,0.713394,0.704078,0.702855,0.72549,0.71576,0.747813,0.770492,0.679348,0.748815,0.616438,0.628205,0.76,0.9375,0.6,0,0,0,0,0,0,0,0
-0.5,0.5,1.5,2.5,3.5,4.5,5.5,6.5,7.5,8.5,9.5,10.5,11.5,12.5,13.5,14.5,15.5,16.5,17.5,18.5,19.5,20.5,21.5,22.5,23.5,24.5,25.5,26.5,27.5,28.5,29.5,30.5,31.5,32.5,33.5,34.5,35.5,36.5,37.5,38.5,39.5,40.5,41.5,42.5,43.5,44.5,45.5,46.5,47.5,48.5,49.5,50.5
0,0.00121254,0.000522291,0.000549842,0.00123405,0.00229421,0.00422985,0.00864972,0.0160464,0.0351977,0.0754449,0.169899,0.377926,0.610438,0.729738,0.775503,0.789933,0.800727,0.805678,0.812548,0.805534,0.795681,0.79619,0.794719,0.800556,0.777795,0.785204,0.787064,0.780111,0.770809,0.777633,0.77964,0.770004,0.786096,0.757036,0.771137,0.727459,0.769022,0.781991,0.815068,0.782051,0.84,0.625,0.4,0,0,0,0,0,0,0,0
-0.5,0.5,1.5,2.5,3.5,4.5,5.5,6.5,7.5,8.5,9.5,10.5,11.5,12.5,13.5,14.5,15.5,16.5,17.5,18.5,19.5,20.5,21.5,22.5,23.5,24.5,25.5,26.5,27.5,28.5,29.5,30.5,31.5,32.5,33.5,34.5,35.5,36.5,37.5,38.5,39.5,40.5,41.5,42.5,43.5,44.5,45.5,46.5,47.5,48.5,49.5,50.5
0,0.00825022,0.00370601,0.00511327,0.00881473,0.01408,0.0207342,0.0297791,0.0421108,0.0642907,0.0956015,0.148932,0.258321,0.427229,0.567281,0.631839,0.657571,0.673306,0.68032,0.679489,0.677991,0.675911,0.68394,0.680128,0.686489,0.689535,0.687582,0.688041,0.6857,0.686106,0.683448,0.683301,0.727273,0,0,0,0,0,0,0,0,0,0,0,0,0,0,0,0,0,0,0
-0.5,0.5,1.5,2.5,3.5,4.5,5.5,6.5,7.5,8.5,9.5,10.5,11.5,12.5,13.5,14.5,15.5,16.5,17.5,18.5,19.5,20.5,21.5,22.5,23.5,24.5,25.5,26.5,27.5,28.5,29.5,30.5,31.5,32.5,33.5,34.5,35.5,36.5,37.5,38.5,39.5,40.5,41.5,42.5,43.5,44.5,45.5,46.5,47.5,48.5,49.5,50.5
0,0.000261083,0.000332875,0.00041273,0.000865733,0.00200157,0.00379689,0.00965418,0.0248775,0.0671636,0.170064,0.362105,0.553361,0.64796,0.674085,0.686116,0.693971,0.69366,0.688058,0.690807,0.6813,0.688621,0.694611,0.688148,0.689679,0.685981,0.681026,0.689631,0.695366,0.696837,0.697832,0.695557,0.742424,0,0,0,0,0,0,0,0,0,0,0,0,0,0,0,0,0,0,0
-0.5,0.5,1.5,2.5,3.5,4.5,5.5,6.5,7.5,8.5,9.5,10.5,11.5,12.5,13.5,14.5,15.5,16.5,17.5,18.5,19.5,20.5,21.5,22.5,23.5,24.5,25.5,26.5,27.5,28.5,29.5,30.5,31.5,32.5,33.5,34.5,35.5,36.5,37.5,38.5,39.5,40.5,41.5,42.5,43.5,44.5,45.5,46.5,47.5,48.5,49.5,50.5
0,0.00102775,0.000531188,0.000467789,0.000670228,0.00105442,0.00197887,0.00501912,0.00917603,0.019006,0.0442389,0.10761,0.266633,0.500761,0.669801,0.73957,0.760494,0.770431,0.768512,0.773134,0.770416,0.768611,0.765122,0.747351,0.757652,0.746745,0.737133,0.745565,0.753348,0.747405,0.747673,0.749636,0.731424,0.722292,0.761023,0.728395,0.851852,0,0,0,0,0,0,0,0,0,0,0,0,0,0,0
-0.5,0.5,1.5,2.5,3.5,4.5,5.5,6.5,7.5,8.5,9.5,10.5,11.5,12.5,13.5,14.5,15.5,16.5,17.5,18.5,19.5,20.5,21.5,22.5,23.5,24.5,25.5,26.5,27.5,28.5,29.5,30.5,31.5,32.5,33.5,34.5,35.5,36.5,37.5,38.5,39.5,40.5,41.5,42.5,43.5,44.5,45.5,46.5,47.5,48.5,49.5,50.5
0,0,0.000227652,0.000200481,0.000284339,0.000301264,0.000550513,0.00138459,0.00333674,0.00888271,0.0256488,0.0618604,0.155439,0.336623,0.551785,0.688838,0.735176,0.759856,0.763512,0.756463,0.75842,0.739498,0.742063,0.7326,0.729262,0.726725,0.729475,0.70935,0.712173,0.707396,0.727829,0.736229,0.721461,0.72733,0.696649,0.71358,0.592593,0,0,0,0,0,0,0,0,0,0,0,0,0,0,0
-0.5,0.5,1.5,2.5,3.5,4.5,5.5,6.5,7.5,8.5,9.5,10.5,11.5,12.5,13.5,14.5,15.5,16.5,17.5,18.5,19.5,20.5,21.5,22.5,23.5,24.5,25.5,26.5,27.5,28.5,29.5,30.5,31.5,32.5,33.5,34.5,35.5,36.5,37.5,38.5,39.5,40.5,41.5,42.5,43.5,44.5,45.5,46.5,47.5,48.5,49.5,50.5
0,0.0108926,0.00443167,0.00472931,0.00913145,0.0122425,0.0174178,0.0248935,0.0348542,0.0486336,0.0705103,0.10013,0.14682,0.209849,0.305554,0.430633,0.532259,0.592787,0.630205,0.638631,0.657543,0.661393,0.671025,0.678069,0.681685,0.691362,0.686494,0.68297,0.693263,0.691787,0.698473,0.703672,0.702576,0.701984,0.700459,0.686826,0.722689,0.650602,0,0,0,0,0,0,0,0,0,0,0,0,0,0
-0.5,0.5,1.5,2.5,3.5,4.5,5.5,6.5,7.5,8.5,9.5,10.5,11.5,12.5,13.5,14.5,15.5,16.5,17.5,18.5,19.5,20.5,21.5,22.5,23.5,24.5,25.5,26.5,27.5,28.5,29.5,30.5,31.5,32.5,33.5,34.5,35.5,36.5,37.5,38.5,39.5,40.5,41.5,42.5,43.5,44.5,45.5,46.5,47.5,48.5,49.5,50.5
0,0.0014621,0.00105402,0.00149722,0.00242224,0.00256175,0.00283141,0.00427303,0.00743656,0.0129301,0.0237145,0.043936,0.0813244,0.143888,0.261794,0.418963,0.545997,0.606345,0.639216,0.658278,0.665898,0.67054,0.677562,0.680036,0.679202,0.685874,0.675181,0.682343,0.675826,0.690371,0.685569,0.702376,0.694249,0.69596,0.679817,0.687425,0.698679,0.722892,0,0,0,0,0,0,0,0,0,0,0,0,0,0
-0.5,0.5,1.5,2.5,3.5,4.5,5.5,6.5,7.5,8.5,9.5,10.5,11.5,12.5,13.5,14.5,15.5,16.5,17.5,18.5,19.5,20.5,21.5,22.5,23.5,24.5,25.5,26.5,27.5,28.5,29.5,30.5,31.5,32.5,33.5,34.5,35.5,36.5,37.5,38.5,39.5,40.5,41.5,42.5,43.5,44.5,45.5,46.5,47.5,48.5,49.5,50.5
0,0.00576923,0.00290624,0.00380812,0.00411592,0.00628252,0.00933616,0.0167317,0.0330024,0.0652484,0.140748,0.286599,0.481702,0.616162,0.6769,0.710529,0.724471,0.735056,0.734177,0.736351,0.742682,0.731684,0.742643,0.732222,0.7225,0.718706,0.718513,0.697275,0.698367,0.719833,0.718866,0.714436,0.734559,0.722884,0.70913,0.707038,0.725768,0.774411,0.733333,0.756303,0.774194,0.806452,0.75,0.833333,1,0,0,0,0,0,0,0
-0.5,0.5,1.5,2.5,3.5,4.5,5.5,6.5,7.5,8.5,9.5,10.5,11.5,12.5,13.5,14.5,15.5,16.5,17.5,18.5,19.5,20.5,21.5,22.5,23.5,24.5,25.5,26.5,27.5,28.5,29.5,30.5,31.5,32.5,33.5,34.5,35.5,36.5,37.5,38.5,39.5,40.5,41.5,42.5,43.5,44.5,45.5,46.5,47.5,48.5,49.5,50.5
0,0.00512821,0.00248505,0.00320684,0.00360935,0.00644117,0.0106944,0.0204134,0.0441752,0.0877897,0.171321,0.333678,0.535337,0.654963,0.713486,0.738243,0.755172,0.756963,0.768761,0.766336,0.761976,0.753705,0.750893,0.735179,0.736307,0.741867,0.730777,0.719916,0.7194,0.720876,0.731463,0.729891,0.738802,0.73082,0.708068,0.759411,0.747045,0.73064,0.748718,0.789916,0.758065,0.870968,0.75,0.5,1,1,0,0,0,0,0,0
-0.5,0.5,1.5,2.5,3.5,4.5,5.5,6.5,7.5,8.5,9.5,10.5,11.5,12.5,13.5,14.5,15.5,16.5,17.5,18.5,19.5,20.5,21.5,22.5,23.5,24.5,25.5,26.5,27.5,28.5,29.5,30.5,31.5,32.5,33.5,34.5,35.5,36.5,37.5,38.5,39.5,40.5,41.5,42.5,43.5,44.5,45.5,46.5,47.5,48.5,49.5,50.5
0,0.000700771,0.000271912,0.000507357,0.00118959,0.0025243,0.00769693,0.0225886,0.0698952,0.185454,0.408702,0.601831,0.674811,0.692283,0.694358,0.690314,0.692603,0.692984,0.698324,0.694024,0.688246,0.687942,0.695972,0.69911,0.699042,0.695368,0.693732,0.697661,0.689739,0.706114,0.703302,0.707404,0.707595,0.695763,0.702244,0.708307,0.697225,0.702703,0.778523,1,0,0,0,0,0,0,0,0,0,0,0,0
-0.5,0.5,1.5,2.5,3.5,4.5,5.5,6.5,7.5,8.5,9.5,10.5,11.5,12.5,13.5,14.5,15.5,16.5,17.5,18.5,19.5,20.5,21.5,22.5,23.5,24.5,25.5,26.5,27.5,28.5,29.5,30.5,31.5,32.5,33.5,34.5,35.5,36.5,37.5,38.5,39.5,40.5,41.5,42.5,43.5,44.5,45.5,46.5,47.5,48.5,49.5,50.5
0,0.00112123,0.000543823,0.00149791,0.00432934,0.0103792,0.0303139,0.0922647,0.255014,0.488184,0.634853,0.684245,0.695752,0.696276,0.700344,0.703773,0.692653,0.689764,0.68826,0.691891,0.687793,0.685151,0.684866,0.688576,0.680445,0.683028,0.683687,0.681761,0.687564,0.685298,0.685724,0.684046,0.698734,0.696494,0.692768,0.702686,0.702271,0.693164,0.711409,0,0,0,0,0,0,0,0,0,0,0,0,0
-0.5,0.5,1.5,2.5,3.5,4.5,5.5,6.5,7.5,8.5,9.5,10.5,11.5,12.5,13.5,14.5,15.5,16.5,17.5,18.5,19.5,20.5,21.5,22.5,23.5,24.5,25.5,26.5,27.5,28.5,29.5,30.5,31.5,32.5,33.5,34.5,35.5,36.5,37.5,38.5,39.5,40.5,41.5,42.5,43.5,44.5,45.5,46.5,47.5,48.5,49.5,50.5
0,0.000255004,0.000169312,0.000194265,9.22765e-05,0.000251999,0.000503508,0.00103604,0.00296929,0.00745213,0.020378,0.0514215,0.121467,0.282038,0.514536,0.677012,0.730591,0.753253,0.75191,0.758774,0.756165,0.74757,0.748886,0.743798,0.723779,0.718179,0.720716,0.717122,0.721186,0.729105,0.723035,0.717411,0.709728,0.731429,0.888889,0,0,0,0,0,0,0,0,0,0,0,0,0,0,0,0,0
-0.5,0.5,1.5,2.5,3.5,4.5,5.5,6.5,7.5,8.5,9.5,10.5,11.5,12.5,13.5,14.5,15.5,16.5,17.5,18.5,19.5,20.5,21.5,22.5,23.5,24.5,25.5,26.5,27.5,28.5,29.5,30.5,31.5,32.5,33.5,34.5,35.5,36.5,37.5,38.5,39.5,40.5,41.5,42.5,43.5,44.5,45.5,46.5,47.5,48.5,49.5,50.5
0,0.000765013,0.000253968,0.000466237,0.000876626,0.00262079,0.00573999,0.014561,0.0384884,0.0984824,0.238152,0.45918,0.654248,0.734748,0.767266,0.783473,0.783997,0.788344,0.785233,0.785568,0.775259,0.767579,0.760092,0.760917,0.735668,0.732879,0.716869,0.731853,0.731144,0.733182,0.723283,0.741384,0.728033,0.722286,0.703704,0,0,0,0,0,0,0,0,0,0,0,0,0,0,0,0,0
-0.5,0.5,1.5,2.5,3.5,4.5,5.5,6.5,7.5,8.5,9.5,10.5,11.5,12.5,13.5,14.5,15.5,16.5,17.5,18.5,19.5,20.5,21.5,22.5,23.5,24.5,25.5,26.5,27.5,28.5,29.5,30.5,31.5,32.5,33.5,34.5,35.5,36.5,37.5,38.5,39.5,40.5,41.5,42.5,43.5,44.5,45.5,46.5,47.5,48.5,49.5,50.5
0,0.00177197,0.000771731,0.00167525,0.0026141,0.00306707,0.00556165,0.010739,0.0211021,0.0477129,0.103122,0.203398,0.38235,0.531227,0.623066,0.662753,0.681782,0.691633,0.694679,0.695657,0.692067,0.69732,0.694155,0.694245,0.696337,0.696276,0.701512,0.708512,0.698688,0.70373,0.707949,0.714216,0.69906,0.666667,0,0,0,0,0,0,0,0,0,0,0,0,0,0,0,0,0,0
-0.5,0.5,1.5,2.5,3.5,4.5,5.5,6.5,7.5,8.5,9.5,10.5,11.5,12.5,13.5,14.5,15.5,16.5,17.5,18.5,19.5,20.5,21.5,22.5,23.5,24.5,25.5,26.5,27.5,28.5,29.5,30.5,31.5,32.5,33.5,34.5,35.5,36.5,37.5,38.5,39.5,40.5,41.5,42.5,43.5,44.5,45.5,46.5,47.5,48.5,49.5,50.5
0,0.0026274,0.00226842,0.00291347,0.0065448,0.0128602,0.0246697,0.048967,0.102863,0.219545,0.406623,0.571172,0.658754,0.680474,0.693986,0.690539,0.69816,0.699402,0.696324,0.690912,0.691111,0.688794,0.6887,0.686697,0.685541,0.684582,0.685458,0.694461,0.694568,0.693116,0.686979,0.694963,0.680699,0.666667,0,0,0,0,0,0,0,0,0,0,0,0,0,0,0,0,0,0
-0.5,0.5,1.5,2.5,3.5,4.5,5.5,6.5,7.5,8.5,9.5,10.5,11.5,12.5,13.5,14.5,15.5,16.5,17.5,18.5,19.5,20.5,21.5,22.5,23.5,24.5,25.5,26.5,27.5,28.5,29.5,30.5,31.5,32.5,33.5,34.5,35.5,36.5,37.5,38.5,39.5,40.5,41.5,42.5,43.5,44.5,45.5,46.5,47.5,48.5,49.5,50.5
0,0.00770658,0.00231574,0.00284056,0.00375573,0.00540788,0.0076064,0.0143567,0.0240076,0.0512158,0.0953678,0.173673,0.319009,0.516391,0.638899,0.690541,0.718405,0.735588,0.746856,0.746356,0.736164,0.754662,0.739818,0.741102,0.73905,0.714257,0.712563,0.714351,0.710043,0.722454,0.71631,0.722332,0.737017,0.727966,0.722222,0.775148,0.666667,0,0,0,0,0,0,0,0,0,0,0,0,0,0,0
-0.5,0.5,1.5,2.5,3.5,4.5,5.5,6.5,7.5,8.5,9.5,10.5,11.5,12.5,13.5,14.5,15.5,16.5,17.5,18.5,19.5,20.5,21.5,22.5,23.5,24.5,25.5,26.5,27.5,28.5,29.5,30.5,31.5,32.5,33.5,34.5,35.5,36.5,37.5,38.5,39.5,40.5,41.5,42.5,43.5,44.5,45.5,46.5,47.5,48.5,49.5,50.5
0,0.00171257,0.000623469,0.00142028,0.00285435,0.00548121,0.0120629,0.0277198,0.0586248,0.142282,0.312367,0.528118,0.676381,0.757942,0.780556,0.789411,0.792917,0.791549,0.784587,0.791363,0.781656,0.770184,0.773115,0.77874,0.750693,0.751828,0.746985,0.736818,0.728634,0.744909,0.738035,0.744149,0.738674,0.741525,0.750712,0.727811,0.333333,0,0,0,0,0,0,0,0,0,0,0,0,0,0,0
-0.5,0.5,1.5,2.5,3.5,4.5,5.5,6.5,7.5,8.5,9.5,10.5,11.5,12.5,13.5,14.5,15.5,16.5,17.5,18.5,19.5,20.5,21.5,22.5,23.5,24.5,25.5,26.5,27.5,28.5,29.5,30.5,31.5,32.5,33.5,34.5,35.5,36.5,37.5,38.5,39.5,40.5,41.5,42.5,43.5,44.5,45.5,46.5,47.5,48.5,49.5,50.5
0,0.00106562,0.000824655,0.00150391,0.00308325,0.00528262,0.0109452,0.0258098,0.0692103,0.166935,0.356764,0.558105,0.652554,0.678521,0.696783,0.699919,0.697586,0.697209,0.70717,0.701786,0.693795,0.700943,0.68965,0.696533,0.689366,0.695506,0.692171,0.697167,0.701136,0.708444,0.691908,0.69429,0,0,0,0,0,0,0,0,0,0,0,0,0,0,0,0,0,0,0,0
-0.5,0.5,1.5,2.5,3.5,4.5,5.5,6.5,7.5,8.5,9.5,10.5,11.5,12.5,13.5,14.5,15.5,16.5,17.5,18.5,19.5,20.5,21.5,22.5,23.5,24.5,25.5,26.5,27.5,28.5,29.5,30.5,31.5,32.5,33.5,34.5,35.5,36.5,37.5,38.5,39.5,40.5,41.5,42.5,43.5,44.5,45.5,46.5,47.5,48.5,49.5,50.5
0,0.000448682,0.000636162,0.0011834,0.00247421,0.0056524,0.011541,0.0215985,0.0449157,0.0929167,0.19307,0.390119,0.574876,0.652515,0.670734,0.681587,0.678613,0.683525,0.682891,0.683163,0.671713,0.675858,0.668181,0.677016,0.668735,0.671529,0.680105,0.672239,0.672678,0.680325,0.68699,0.683758,0,0,0,0,0,0,0,0,0,0,0,0,0,0,0,0,0,0,0,0
-0.5,0.5,1.5,2.5,3.5,4.5,5.5,6.5,7.5,8.5,9.5,10.5,11.5,12.5,13.5,14.5,15.5,16.5,17.5,18.5,19.5,20.5,21.5,22.5,23.5,24.5,25.5,26.5,27.5,28.5,29.5,30.5,31.5,32.5,33.5,34.5,35.5,36.5,37.5,38.5,39.5,40.5,41.5,42.5,43.5,44.5,45.5,46.5,47.5,48.5,49.5,50.5
0,0.000894354,0.000275242,0.00056672,0.00169316,0.00378133,0.0119299,0.0346662,0.0920875,0.24565,0.50185,0.685027,0.747894,0.770652,0.77541,0.774758,0.780881,0.775346,0.77693,0.77156,0.768015,0.756186,0.753642,0.747842,0.726858,0.722376,0.722674,0.72076,0.717025,0.717101,0.737379,0.734868,0.830508,0,0,0,0,0,0,0,0,0,0,0,0,0,0,0,0,0,0,0
-0.5,0.5,1.5,2.5,3.5,4.5,5.5,6.5,7.5,8.5,9.5,10.5,11.5,12.5,13.5,14.5,15.5,16.5,17.5,18.5,19.5,20.5,21.5,22.5,23.5,24.5,25.5,26.5,27.5,28.5,29.5,30.5,31.5,32.5,33.5,34.5,35.5,36.5,37.5,38.5,39.5,40.5,41.5,42.5,43.5,44.5,45.5,46.5,47.5,48.5,49.5,50.5
0,0.00122974,0.00050461,0.00113344,0.00234857,0.00579267,0.0120463,0.0274277,0.071547,0.200864,0.449802,0.656348,0.722004,0.760058,0.767686,0.781509,0.783556,0.778586,0.782591,0.77729,0.7688,0.759915,0.751928,0.751425,0.74329,0.74324,0.729449,0.72271,0.731809,0.734315,0.732414,0.744737,0.745763,0,0,0,0,0,0,0,0,0,0,0,0,0,0,0,0,0,0,0
-0.5,0.5,1.5,2.5,3.5,4.5,5.5,6.5,7.5,8.5,9.5,10.5,11.5,12.5,13.5,14.5,15.5,16.5,17.5,18.5,19.5,20.5,21.5,22.5,23.5,24.5,25.5,26.5,27.5,28.5,29.5,30.5,31.5,32.5,33.5,34.5,35.5,36.5,37.5,38.5,39.5,40.5,41.5,42.5,43.5,44.5,45.5,46.5,47.5,48.5,49.5,50.5
0,0.00865266,0.0062431,0.00906002,0.016126,0.0234278,0.0349168,0.0527508,0.0826609,0.136982,0.250861,0.45106,0.623972,0.697033,0.719483,0.723776,0.732484,0.738782,0.736527,0.731717,0.729616,0.730812,0.730814,0.725762,0.731953,0.73687,0.730644,0.735706,0.735112,0.73202,0.701587,0,0,0,0,0,0,0,0,0,0,0,0,0,0,0,0,0,0,0,0,0
-0.5,0.5,1.5,2.5,3.5,4.5,5.5,6.5,7.5,8.5,9.5,10.5,11.5,12.5,13.5,14.5,15.5,16.5,17.5,18.5,19.5,20.5,21.5,22.5,23.5,24.5,25.5,26.5,27.5,28.5,29.5,30.5,31.5,32.5,33.5,34.5,35.5,36.5,37.5,38.5,39.5,40.5,41.5,42.5,43.5,44.5,45.5,46.5,47.5,48.5,49.5,50.5
0,0.00393303,0.00235317,0.00322517,0.00690306,0.0111773,0.0186254,0.0356375,0.0698279,0.13587,0.265807,0.461245,0.611954,0.663516,0.68119,0.688171,0.687129,0.69022,0.689892,0.687139,0.690828,0.681439,0.6811,0.691706,0.688006,0.691004,0.684711,0.691105,0.694394,0.698054,0.668254,0,0,0,0,0,0,0,0,0,0,0,0,0,0,0,0,0,0,0,0,0
-0.5,0.5,1.5,2.5,3.5,4.5,5.5,6.5,7.5,8.5,9.5,10.5,11.5,12.5,13.5,14.5,15.5,16.5,17.5,18.5,19.5,20.5,21.5,22.5,23.5,24.5,25.5,26.5,27.5,28.5,29.5,30.5,31.5,32.5,33.5,34.5,35.5,36.5,37.5,38.5,39.5,40.5,41.5,42.5,43.5,44.5,45.5,46.5,47.5,48.5,49.5,50.5
0,0.00043535,0.000231632,0.000451284,0.000664102,0.00141948,0.00324984,0.00723692,0.0144341,0.0339677,0.0783777,0.212308,0.459037,0.65503,0.729829,0.759914,0.758542,0.772896,0.767514,0.765782,0.760483,0.763319,0.757855,0.751619,0.748257,0.751149,0.749279,0.749201,0.763419,0.8075,0.960784,0,0,0,0,0,0,0,0,0,0,0,0,0,0,0,0,0,0,0,0,0
-0.5,0.5,1.5,2.5,3.5,4.5,5.5,6.5,7.5,8.5,9.5,10.5,11.5,12.5,13.5,14.5,15.5,16.5,17.5,18.5,19.5,20.5,21.5,22.5,23.5,24.5,25.5,26.5,27.5,28.5,29.5,30.5,31.5,32.5,33.5,34.5,35.5,36.5,37.5,38.5,39.5,40.5,41.5,42.5,43.5,44.5,45.5,46.5,47.5,48.5,49.5,50.5
0,0.00152373,0.000370611,0.00171488,0.00318216,0.00580315,0.012337,0.0293141,0.0661085,0.153047,0.337823,0.576165,0.710087,0.753635,0.764241,0.776724,0.786944,0.781193,0.77881,0.768489,0.766455,0.771179,0.750342,0.735425,0.727801,0.718017,0.733173,0.738704,0.734261,0.765833,0.882353,0,0,0,0,0,0,0,0,0,0,0,0,0,0,0,0,0,0,0,0,0
-0.5,0.5,1.5,2.5,3.5,4.5,5.5,6.5,7.5,8.5,9.5,10.5,11.5,12.5,13.5,14.5,15.5,16.5,17.5,18.5,19.5,20.5,21.5,22.5,23.5,24.5,25.5,26.5,27.5,28.5,29.5,30.5,31.5,32.5,33.5,34.5,35.5,36.5,37.5,38.5,39.5,40.5,41.5,42.5,43.5,44.5,45.5,46.5,47.5,48.5,49.5,50.5
0,0.00181309,0.00243561,0.00458476,0.00761761,0.0110251,0.015566,0.0216858,0.030821,0.0479408,0.0745738,0.118173,0.193728,0.322909,0.509961,0.659193,0.719884,0.733929,0.736407,0.735512,0.740871,0.729694,0.73507,0.728953,0.731799,0.732183,0.737267,0.731579,0.735522,0.728143,0.732553,0.736137,0.736341,0.717722,0.696,1,0,0,0,0,0,0,0,0,0,0,0,0,0,0,0,0
-0.5,0.5,1.5,2.5,3.5,4.5,5.5,6.5,7.5,8.5,9.5,10.5,11.5,12.5,13.5,14.5,15.5,16.5,17.5,18.5,19.5,20.5,21.5,22.5,23.5,24.5,25.5,26.5,27.5,28.5,29.5,30.5,31.5,32.5,33.5,34.5,35.5,36.5,37.5,38.5,39.5,40.5,41.5,42.5,43.5,44.5,45.5,46.5,47.5,48.5,49.5,50.5
0,8.24131e-05,0.000155465,0.000199337,9.17785e-05,0.000267663,0.000461304,0.000848863,0.00179681,0.00502689,0.0109002,0.0251438,0.0584901,0.129766,0.268569,0.459873,0.615611,0.681235,0.70461,0.70088,0.700974,0.706361,0.701795,0.697101,0.69582,0.688325,0.704173,0.692105,0.692606,0.69,0.700993,0.696417,0.691986,0.687576,0.688,1,0,0,0,0,0,0,0,0,0,0,0,0,0,0,0,0
-0.5,0.5,1.5,2.5,3.5,4.5,5.5,6.5,7.5,8.5,9.5,10.5,11.5,12.5,13.5,14.5,15.5,16.5,17.5,18.5,19.5,20.5,21.5,22.5,23.5,24.5,25.5,26.5,27.5,28.5,29.5,30.5,31.5,32.5,33.5,34.5,35.5,36.5,37.5,38.5,39.5,40.5,41.5,42.5,43.5,44.5,45.5,46.5,47.5,48.5,49.5,50.5
0,0.000204207,0.000383352,0.000607366,0.0010707,0.00274549,0.00614548,0.0102703,0.0207274,0.0339393,0.0603078,0.105732,0.186697,0.335149,0.543173,0.695483,0.760425,0.768012,0.782049,0.771056,0.768678,0.770925,0.74928,0.761162,0.754273,0.74852,0.752636,0.74432,0.751525,0.75503,0.744246,0.75748,0.756296,0.8051,0.871795,0,0,0,0,0,0,0,0,0,0,0,0,0,0,0,0,0
-0.5,0.5,1.5,2.5,3.5,4.5,5.5,6.5,7.5,8.5,9.5,10.5,11.5,12.5,13.5,14.5,15.5,16.5,17.5,18.5,19.5,20.5,21.5,22.5,23.5,24.5,25.5,26.5,27.5,28.5,29.5,30.5,31.5,32.5,33.5,34.5,35.5,36.5,37.5,38.5,39.5,40.5,41.5,42.5,43.5,44.5,45.5,46.5,47.5,48.5,49.5,50.5
0,0,0,5.52151e-05,0.00017845,0.000410541,0.000954876,0.00223938,0.00550714,0.0100422,0.018793,0.0394543,0.0856137,0.171334,0.346416,0.587561,0.75708,0.825503,0.84522,0.847478,0.850193,0.842017,0.831232,0.837214,0.83676,0.823231,0.810184,0.810105,0.795254,0.80586,0.82925,0.81233,0.819659,0.814208,0.846154,0,0,0,0,0,0,0,0,0,0,0,0,0,0,0,0,0
-0.5,0.5,1.5,2.5,3.5,4.5,5.5,6.5,7.5,8.5,9.5,10.5,11.5,12.5,13.5,14.5,15.5,16.5,17.5,18.5,19.5,20.5,21.5,22.5,23.5,24.5,25.5,26.5,27.5,28.5,29.5,30.5,31.5,32.5,33.5,34.5,35.5,36.5,37.5,38.5,39.5,40.5,41.5,42.5,43.5,44.5,45.5,46.5,47.5,48.5,49.5,50.5
0,0.000977995,0.000744745,0.00155796,0.00374389,0.00776229,0.0152127,0.0290787,0.055618,0.112434,0.2333,0.427567,0.598125,0.682577,0.698767,0.709613,0.708748,0.70999,0.706569,0.700543,0.699577,0.69664,0.695766,0.695471,0.690863,0.702583,0.697897,0.690482,0.689364,0.702431,0.70024,0.68956,0.705569,0.707255,0.69654,0.721331,0.679445,0.724949,0.690304,0.672527,0.68932,0.645833,1,0,0,0,0,0,0,0,0,0
-0.5,0.5,1.5,2.5,3.5,4.5,5.5,6.5,7.5,8.5,9.5,10.5,11.5,12.5,13.5,14.5,15.5,16.5,17.5,18.5,19.5,20.5,21.5,22.5,23.5,24.5,25.5,26.5,27.5,28.5,29.5,30.5,31.5,32.5,33.5,34.5,35.5,36.5,37.5,38.5,39.5,40.5,41.5,42.5,43.5,44.5,45.5,46.5,47.5,48.5,49.5,50.5
0,0,0,0.000233693,0.00051574,0.00095556,0.00288433,0.007794,0.0206826,0.0523384,0.127343,0.284786,0.529808,0.717888,0.792886,0.818293,0.821735,0.817975,0.818808,0.818017,0.81756,0.816658,0.808722,0.814918,0.807533,0.814141,0.799445,0.808469,0.819094,0.812392,0.812972,0.823783,0.824495,0.828165,0.833681,0.811052,0.830343,0.832311,0.817656,0.837363,0.839806,0.8125,0,0,0,0,0,0,0,0,0,0
-0.5,0.5,1.5,2.5,3.5,4.5,5.5,6.5,7.5,8.5,9.5,10.5,11.5,12.5,13.5,14.5,15.5,16.5,17.5,18.5,19.5,20.5,21.5,22.5,23.5,24.5,25.5,26.5,27.5,28.5,29.5,30.5,31.5,32.5,33.5,34.5,35.5,36.5,37.5,38.5,39.5,40.5,41.5,42.5,43.5,44.5,45.5,46.5,47.5,48.5,49.5,50.5
0,0,5.84864e-05,0,0.000441485,0.0013155,0.00261343,0.0069503,0.0180334,0.0514204,0.161556,0.397824,0.64226,0.748524,0.787294,0.796271,0.803709,0.788921,0.795462,0.785799,0.779206,0.77835,0.768436,0.76575,0.759857,0.762874,0.749668,0.743448,0.73884,0.755208,0.759114,0.756098,0.807018,0.762319,0.737864,0.752212,0.702381,0.836364,0.785714,1,0.333333,0,0,0,0,0,0,0,0,0,0,0
-0.5,0.5,1.5,2.5,3.5,4.5,5.5,6.5,7.5,8.5,9.5,10.5,11.5,12.5,13.5,14.5,15.5,16.5,17.5,18.5,19.5,20.5,21.5,22.5,23.5,24.5,25.5,26.5,27.5,28.5,29.5,30.5,31.5,32.5,33.5,34.5,35.5,36.5,37.5,38.5,39.5,40.5,41.5,42.5,43.5,44.5,45.5,46.5,47.5,48.5,49.5,50.5
0,0,0,0.000227376,7.35808e-05,0.000274063,0.0014549,0.00718295,0.0290904,0.111437,0.353215,0.681741,0.861666,0.914547,0.922552,0.927084,0.929144,0.928766,0.925415,0.928468,0.92254,0.919001,0.919446,0.917239,0.911111,0.909468,0.910217,0.913306,0.90508,0.899306,0.904932,0.922927,0.917544,0.881159,0.88835,0.893805,0.964286,0.981818,0.857143,1,0.666667,0,0,0,0,0,0,0,0,0,0,0
-0.5,0.5,1.5,2.5,3.5,4.5,5.5,6.5,7.5,8.5,9.5,10.5,11.5,12.5,13.5,14.5,15.5,16.5,17.5,18.5,19.5,20.5,21.5,22.5,23.5,24.5,25.5,26.5,27.5,28.5,29.5,30.5,31.5,32.5,33.5,34.5,35.5,36.5,37.5,38.5,39.5,40.5,41.5,42.5,43.5,44.5,45.5,46.5,47.5,48.5,49.5,50.5
0,0.000174825,8.08516e-05,0.000290016,0.000351507,0.000286268,0.000653816,0.00148099,0.0022942,0.00688432,0.0195498,0.0515186,0.132188,0.310068,0.530334,0.659266,0.70943,0.71037,0.717624,0.711602,0.714116,0.70953,0.707783,0.702151,0.701229,0.709629,0.697907,0.708172,0.712442,0.709491,0.689531,0.695652,0,0,0,0,0,0,0,0,0,0,0,0,0,0,0,0,0,0,0,0
-0.5,0.5,1.5,2.5,3.5,4.5,5.5,6.5,7.5,8.5,9.5,10.5,11.5,12.5,13.5,14.5,15.5,16.5,17.5,18.5,19.5,20.5,21.5,22.5,23.5,24.5,25.5,26.5,27.5,28.5,29.5,30.5,31.5,32.5,33.5,34.5,35.5,36.5,37.5,38.5,39.5,40.5,41.5,42.5,43.5,44.5,45.5,46.5,47.5,48.5,49.5,50.5
0,0,2.69505e-05,2.63651e-05,7.40014e-05,0.000104098,0.000532739,0.00146715,0.00474135,0.0154158,0.0413795,0.102815,0.234602,0.479345,0.750187,0.904563,0.971124,0.988751,0.995351,0.997587,0.999094,0.999537,0.999921,0.99983,0.99991,0.999901,1,0.999895,1,1,1,1,0,0,0,0,0,0,0,0,0,0,0,0,0,0,0,0,0,0,0,0
-0.5,0.5,1.5,2.5,3.5,4.5,5.5,6.5,7.5,8.5,9.5,10.5,11.5,12.5,13.5,14.5,15.5,16.5,17.5,18.5,19.5,20.5,21.5,22.5,23.5,24.5,25.5,26.5,27.5,28.5,29.5,30.5,31.5,32.5,33.5,34.5,35.5,36.5,37.5,38.5,39.5,40.5,41.5,42.5,43.5,44.5,45.5,46.5,47.5,48.5,49.5,50.5
0,0,5.94813e-05,0.000297818,0.000373892,0.00106065,0.00221682,0.00506737,0.013432,0.0361733,0.104066,0.295017,0.584314,0.757783,0.809997,0.825784,0.825117,0.828302,0.822918,0.812133,0.814558,0.819405,0.809868,0.79317,0.815376,0.786765,0.776504,0.796954,0.77767,0.800439,0.868421,0,0,0,0,0,0,0,0,0,0,0,0,0,0,0,0,0,0,0,0,0
-0.5,0.5,1.5,2.5,3.5,4.5,5.5,6.5,7.5,8.5,9.5,10.5,11.5,12.5,13.5,14.5,15.5,16.5,17.5,18.5,19.5,20.5,21.5,22.5,23.5,24.5,25.5,26.5,27.5,28.5,29.5,30.5,31.5,32.5,33.5,34.5,35.5,36.5,37.5,38.5,39.5,40.5,41.5,42.5,43.5,44.5,45.5,46.5,47.5,48.5,49.5,50.5
0,0,0,0,0,0,0.000357551,0.00199624,0.00586046,0.0231231,0.0979037,0.332793,0.694224,0.911548,0.978577,0.99435,0.997439,0.999245,0.999389,0.999609,0.999752,1,1,0.999519,1,1,1,1,1,1,1,0,0,0,0,0,0,0,0,0,0,0,0,0,0,0,0,0,0,0,0,0
-0.5,0.5,1.5,2.5,3.5,4.5,5.5,6.5,7.5,8.5,9.5,10.5,11.5,12.5,13.5,14.5,15.5,16.5,17.5,18.5,19.5,20.5,21.5,22.5,23.5,24.5,25.5,26.5,27.5,28.5,29.5,30.5,31.5,32.5,33.5,34.5,35.5,36.5,37.5,38.5,39.5,40.5,41.5,42.5,43.5,44.5,45.5,46.5,47.5,48.5,49.5,50.5
0,0,0,0,0,0,0,0,0,0,0,0,0,0,0,0,0,0,0,0,0,0,0,0,0,0,0,0,0,0,0,0,0,0,0,0,0,0,0,0,0,0,0,0,0,0,0,0,0,0,0,0
-0.5,0.5,1.5,2.5,3.5,4.5,5.5,6.5,7.5,8.5,9.5,10.5,11.5,12.5,13.5,14.5,15.5,16.5,17.5,18.5,19.5,20.5,21.5,22.5,23.5,24.5,25.5,26.5,27.5,28.5,29.5,30.5,31.5,32.5,33.5,34.5,35.5,36.5,37.5,38.5,39.5,40.5,41.5,42.5,43.5,44.5,45.5,46.5,47.5,48.5,49.5,50.5
0,0,0,0,0,0,0,0,0,0,0,0,0,0,0,0,0,0,0,0,0,0,0,0,0,0,0,0,0,0,0,0,0,0,0,0,0,0,0,0,0,0,0,0,0,0,0,0,0,0,0,0
-0.5,0.5,1.5,2.5,3.5,4.5,5.5,6.5,7.5,8.5,9.5,10.5,11.5,12.5,13.5,14.5,15.5,16.5,17.5,18.5,19.5,20.5,21.5,22.5,23.5,24.5,25.5,26.5,27.5,28.5,29.5,30.5,31.5,32.5,33.5,34.5,35.5,36.5,37.5,38.5,39.5,40.5,41.5,42.5,43.5,44.5,45.5,46.5,47.5,48.5,49.5,50.5
0,0,0,0,0,0,0,0,0,0,0,0,0,0,0,0,0,0,0,0,0,0,0,0,0,0,0,0,0,0,0,0,0,0,0,0,0,0,0,0,0,0,0,0,0,0,0,0,0,0,0,0
-0.5,0.5,1.5,2.5,3.5,4.5,5.5,6.5,7.5,8.5,9.5,10.5,11.5,12.5,13.5,14.5,15.5,16.5,17.5,18.5,19.5,20.5,21.5,22.5,23.5,24.5,25.5,26.5,27.5,28.5,29.5,30.5,31.5,32.5,33.5,34.5,35.5,36.5,37.5,38.5,39.5,40.5,41.5,42.5,43.5,44.5,45.5,46.5,47.5,48.5,49.5,50.5
0,0,0,0,0,0,0,0,0,0,0,0,0,0,0,0,0,0,0,0,0,0,0,0,0,0,0,0,0,0,0,0,0,0,0,0,0,0,0,0,0,0,0,0,0,0,0,0,0,0,0,0
