#analyzed from first event of run 2261
#tail fitted with x * landau
#(shaping time) (number of data points) (step size) (rising tb threshold number) (default ndf)
117 1020 0.1 4 8
#(value) (rms) (total weight)
0.0115471 0.000153464 91
0.0133229 0.000184274 91
0.0154662 0.000227237 91
0.0179098 0.000281787 91
0.0209361 0.000345285 91
0.0247405 0.000430338 91
0.0290857 0.000540775 91
0.0341182 0.000672092 91
0.0394836 0.000819776 91
0.0455787 0.000971734 91
0.0523634 0.00113676 91
0.0600238 0.00133474 91
0.0686649 0.00158003 91
0.077987 0.00186281 91
0.0887612 0.00216862 91
0.101037 0.00253715 91
0.114411 0.00295289 91
0.129146 0.00341867 91
0.144548 0.0039261 91
0.161682 0.00440401 91
0.179784 0.00494874 91
0.198936 0.00559225 91
0.219367 0.00630915 91
0.240699 0.00709846 91
0.263894 0.00790193 91
0.288547 0.00873166 91
0.314413 0.0095346 91
0.341384 0.0103872 91
0.368851 0.0112558 91
0.39746 0.0120524 91
0.426524 0.012817 91
0.455918 0.0135625 91
0.485656 0.0142802 91
0.515479 0.0149962 91
0.54541 0.0156471 91
0.575331 0.0161836 91
0.605315 0.0165471 91
0.634848 0.0167697 91
0.664168 0.0169057 91
0.692866 0.0168418 91
0.7211 0.0165673 91
0.74855 0.0161081 91
0.774973 0.0155597 91
0.80065 0.0149516 91
0.824512 0.0142056 91
0.846655 0.0133579 91
0.867558 0.0124709 91
0.886818 0.0114387 91
0.905317 0.0104063 91
0.921853 0.0093097 91
0.937243 0.00819307 91
0.951273 0.00708258 91
0.963614 0.00603125 91
0.974855 0.00508096 91
0.983621 0.00415048 91
0.990143 0.00332924 91
0.994837 0.00264696 91
0.997764 0.00204543 91
0.999889 0.00159109 91
1 0.00122102 91
0.998986 0.00100082 91
0.996831 0.000911897 91
0.993243 0.000920729 91
0.988815 0.00105008 91
0.982611 0.00125151 91
0.974736 0.00153636 91
0.965493 0.00186333 91
0.95524 0.00226891 91
0.944499 0.0027385 91
0.932606 0.00319613 91
0.920011 0.00366413 91
0.906821 0.00416092 91
0.892968 0.00468145 91
0.878742 0.00522263 91
0.863836 0.00577346 91
0.84828 0.00630534 91
0.832179 0.0067697 91
0.815785 0.00721826 91
0.799181 0.00764774 91
0.782172 0.00800861 91
0.764928 0.00828252 91
0.747572 0.00850997 91
0.730126 0.00871515 91
0.71266 0.00888957 91
0.695312 0.00902601 91
0.678046 0.00912276 91
0.66078 0.00914898 91
0.643764 0.00911763 91
0.626825 0.00905803 91
0.610117 0.00894684 91
0.593507 0.00877513 91
0.577122 0.00856008 91
0.56103 0.00832907 91
0.545092 0.00809886 91
0.529586 0.00784934 91
0.514452 0.00759194 91
0.499655 0.007334 91
0.485235 0.00705686 91
0.470986 0.00678369 91
0.457074 0.00651162 91
0.443409 0.00624226 91
0.430052 0.00597319 91
0.417084 0.00570591 91
0.404287 0.0054384 91
0.392019 0.00514916 91
0.380256 0.00486381 91
0.368824 0.00460605 91
0.357746 0.0043549 91
0.346846 0.00411781 91
0.336432 0.00389257 91
0.326308 0.00367901 91
0.316446 0.00347156 91
0.306911 0.00326889 91
0.297637 0.00307949 91
0.288838 0.0028923 91
0.280493 0.00271235 91
0.272563 0.00255215 91
0.264906 0.00240116 91
0.257422 0.00225819 91
0.250374 0.00212284 91
0.243551 0.00200123 91
0.236943 0.001883 91
0.230628 0.00176669 91
0.224479 0.00165913 91
0.218642 0.00155628 91
0.213162 0.0014537 91
0.207921 0.00136231 91
0.202854 0.00128029 91
0.197891 0.00120422 91
0.193188 0.00113374 91
0.188665 0.00107099 91
0.184283 0.00101126 91
0.180038 0.000953968 91
0.175879 0.00089994 91
0.171907 0.000848141 91
0.168157 0.000797344 91
0.164579 0.00075312 91
0.16118 0.000715613 91
0.157841 0.000681524 91
0.154648 0.000648826 91
0.151546 0.000620218 91
0.148559 0.000594039 91
0.145724 0.000567415 91
0.14301 0.000543218 91
0.140469 0.000520758 91
0.138036 0.000499248 91
0.135726 0.000481104 91
0.133524 0.000466897 91
0.131364 0.000454332 91
0.129269 0.000443506 91
0.127245 0.000435129 91
0.125291 0.000427597 91
0.123411 0.000419817 91
0.121542 0.000411871 91
0.119671 0.000401801 91
0.117865 0.000391802 91
0.116102 0.000382988 91
0.114383 0.000373057 91
0.1127 0.000363966 91
0.11112 0.000354603 91
0.109557 0.000346713 91
0.108012 0.000339452 91
0.106488 0.000332864 91
0.105 0.000327516 91
0.103585 0.00032428 91
0.102215 0.00032101 91
0.0984103 0.000318178 91
0.0973207 0.000313888 91
0.0962519 0.000310012 91
0.0952036 0.000306863 91
0.094175 0.000304129 91
0.0931658 0.000301395 91
0.0921753 0.000299014 91
0.0912032 0.00029652 91
0.090249 0.000292807 91
0.0893122 0.000289883 91
0.0883924 0.0002875 91
0.0874892 0.000283809 91
0.0866021 0.000280577 91
0.0857308 0.000276235 91
0.0848749 0.000272224 91
0.0840339 0.000268802 91
0.0832076 0.000265336 91
0.0823956 0.000263566 91
0.0815975 0.000262827 91
0.0808131 0.000260704 91
0.080042 0.000257033 91
0.0792838 0.00025401 91
0.0785383 0.000251498 91
0.0778053 0.000248645 91
0.0770843 0.000245923 91
0.0763752 0.000243229 91
0.0756776 0.000240994 91
0.0749913 0.000237777 91
0.0743161 0.000233162 91
0.0736517 0.000229201 91
0.0729978 0.00022586 91
0.0723543 0.000221067 91
0.0717209 0.000216041 91
0.0710973 0.000210661 91
0.0704834 0.00020498 91
0.069879 0.00019921 91
0.0692839 0.000194013 91
0.0686978 0.000188715 91
0.0681205 0.0001819 91
0.067552 0.000174658 91
0.0669919 0.000166089 91
0.0664402 0.000159107 91
0.0658966 0.000153015 91
0.065361 0.000147363 91
0.0648332 0.00014204 91
0.0643131 0.000137502 91
0.0638005 0.000133393 91
0.0632952 0.000130497 91
0.0627972 0.000127103 91
0.0623062 0.000124048 91
0.0618221 0.00012079 91
0.0613448 0.000118133 91
0.0608741 0.000115924 91
0.06041 0.00011425 91
0.0599523 0.000113231 91
0.0595008 0.000112296 91
0.0590555 0.000111174 91
0.0586163 0.000109906 91
0.0581829 0.000107912 91
0.0577553 0.000106181 91
0.0573335 0.000105288 91
0.0569172 0.000105839 91
0.0565065 0.00010646 91
0.0561011 0.000107012 91
0.0557009 0.00010694 91
0.055306 0.000106672 91
0.0549162 0.000106507 91
0.0545314 0.000106451 91
0.0541515 0.000105803 91
0.0537764 0.000104871 91
0.053406 0.000103506 91
0.0530403 0.00010114 91
0.0526792 9.88477e-05 91
0.0523225 9.62755e-05 91
0.0519703 9.3838e-05 91
0.0516224 9.11217e-05 91
0.0512787 8.84597e-05 91
0.0509393 8.62261e-05 91
0.0506039 8.42792e-05 91
0.0502726 8.2106e-05 91
0.0499453 7.91518e-05 91
0.0496218 7.65772e-05 91
0.0493023 7.44641e-05 91
0.0489864 7.24586e-05 91
0.0486743 7.08083e-05 91
0.0483659 6.99859e-05 91
0.048061 6.95255e-05 91
0.0477597 6.94355e-05 91
0.0474618 6.93474e-05 91
0.0471674 6.89781e-05 91
0.0468763 6.90831e-05 91
0.0465885 6.93984e-05 91
0.046304 6.97797e-05 91
0.0460226 7.01162e-05 91
0.0457445 7.06937e-05 91
0.0454694 7.06201e-05 91
0.0451973 7.03207e-05 91
0.0449283 7.01265e-05 91
0.0446622 6.91335e-05 91
0.0443991 6.82982e-05 91
0.0441388 6.77144e-05 91
0.0438813 6.77166e-05 91
0.0436266 6.79251e-05 91
0.0433746 6.8206e-05 91
0.0431253 6.84511e-05 91
0.0428787 6.83697e-05 91
0.0426347 6.81914e-05 91
0.0423932 6.79409e-05 91
0.0421543 6.6935e-05 91
0.0419179 6.56674e-05 91
0.0416839 6.46803e-05 91
0.0414524 6.37752e-05 91
0.0412232 6.28025e-05 91
0.0409964 6.15427e-05 91
0.0407719 6.08529e-05 91
0.0405497 6.05855e-05 91
0.0403298 6.05864e-05 91
0.040112 6.0785e-05 91
0.0398965 6.04085e-05 91
0.0396831 6.00516e-05 91
0.0394718 5.96002e-05 91
0.0392626 5.92989e-05 91
0.0390555 5.93121e-05 91
0.0388504 5.81269e-05 91
0.0386473 5.66991e-05 91
0.0384462 5.52708e-05 91
0.038247 5.3752e-05 91
0.0380498 5.27773e-05 91
0.0378545 5.25052e-05 91
0.037661 5.16403e-05 91
0.0374694 5.04789e-05 91
0.0372796 4.99237e-05 91
0.0370916 4.98035e-05 91
0.0369053 4.98774e-05 91
0.0367208 5.0223e-05 91
0.0365381 5.09697e-05 91
0.036357 5.18449e-05 91
0.0361776 5.26547e-05 91
0.0359998 5.3329e-05 91
0.0358237 5.37282e-05 91
0.0356492 5.3785e-05 91
0.0354763 5.39053e-05 91
0.035305 5.41372e-05 91
0.0351352 5.44032e-05 91
0.034967 5.40478e-05 91
0.0348002 5.38383e-05 91
0.034635 5.38548e-05 91
0.0344712 5.43249e-05 91
0.0343088 5.46039e-05 91
0.0341479 5.51729e-05 91
0.0339885 5.6024e-05 91
0.0338304 5.69399e-05 91
0.0336737 5.81228e-05 91
0.0335183 5.89427e-05 91
0.0333643 5.91212e-05 91
0.0332117 5.93954e-05 91
0.0330603 5.98452e-05 91
0.0329102 5.98521e-05 91
0.0327615 5.92431e-05 91
0.0326139 5.89236e-05 91
0.0324677 5.87489e-05 91
0.0323226 5.90358e-05 91
0.0321788 5.91024e-05 91
0.0320362 5.89469e-05 91
0.0318948 5.89293e-05 91
0.0317545 5.89448e-05 91
0.0316155 5.87321e-05 91
0.0314775 5.8781e-05 91
0.0313407 5.83216e-05 91
0.031205 5.762e-05 91
0.0310705 5.70011e-05 91
0.030937 5.65526e-05 91
0.0308046 5.64082e-05 91
0.0306732 5.61554e-05 91
0.030543 5.63381e-05 91
0.0304137 5.63664e-05 91
0.0302855 5.65688e-05 91
0.0301584 5.72626e-05 91
0.0300322 5.83491e-05 91
0.029907 5.93246e-05 91
0.0297828 6.03885e-05 91
0.0296596 6.11246e-05 91
0.0295374 6.20044e-05 91
0.0294161 6.29652e-05 91
0.0292957 6.40045e-05 91
0.0291763 6.50875e-05 91
0.0290578 6.60285e-05 91
0.0289402 6.65744e-05 91
0.0288235 6.6682e-05 91
0.0287077 6.67546e-05 91
0.0285927 6.65888e-05 91
0.0284787 6.64823e-05 91
0.0283655 6.64003e-05 91
0.0282532 6.64761e-05 91
0.0281417 6.62332e-05 91
0.028031 6.51896e-05 91
0.0279211 6.3984e-05 91
0.0278121 6.24264e-05 91
0.0277039 6.044e-05 91
0.0275965 5.91024e-05 91
0.0274899 5.79681e-05 91
0.027384 5.69796e-05 91
0.0272789 5.62433e-05 91
0.0271746 5.54083e-05 91
0.0270711 5.47588e-05 91
0.0269683 5.42922e-05 91
0.0268662 5.31178e-05 91
0.0267649 5.22085e-05 91
0.0266643 5.12725e-05 91
0.0265644 5.0169e-05 91
0.0264652 4.93569e-05 91
0.0263667 4.90802e-05 91
0.026269 4.93035e-05 91
0.0261719 4.9909e-05 91
0.0260755 5.06884e-05 91
0.0259798 5.15294e-05 91
0.0258847 5.26828e-05 91
0.0257903 5.3779e-05 91
0.0256965 5.46843e-05 91
0.0256035 5.56208e-05 91
0.025511 5.69751e-05 91
0.0254192 5.85423e-05 91
0.025328 5.98853e-05 91
0.0252374 6.09915e-05 91
0.0251475 6.24931e-05 91
0.0250581 6.42497e-05 91
0.0249694 6.62354e-05 91
0.0248813 6.82758e-05 91
0.0247937 7.00793e-05 91
0.0247068 7.10566e-05 91
0.0246204 7.22419e-05 91
0.0245346 7.31029e-05 91
0.0244493 7.3509e-05 91
0.0243647 7.34088e-05 91
0.0242806 7.33086e-05 91
0.024197 7.29136e-05 91
0.024114 7.21947e-05 91
0.0240316 7.0711e-05 91
0.0239496 6.81146e-05 91
0.0238682 6.48654e-05 91
0.0237874 6.18249e-05 91
0.023707 5.91081e-05 91
0.0236272 5.66939e-05 91
0.0235479 5.40353e-05 91
0.0234691 5.19272e-05 91
0.0233908 5.01591e-05 91
0.023313 4.90031e-05 91
0.0232357 4.84084e-05 91
0.0231589 4.72448e-05 91
0.0230826 4.64805e-05 91
0.0230067 4.60964e-05 91
0.0229313 4.56531e-05 91
0.0228565 4.57233e-05 91
0.022782 4.6226e-05 91
0.0227081 4.72187e-05 91
0.0226345 4.87977e-05 91
0.0225615 5.05166e-05 91
0.0224889 5.19208e-05 91
0.0224167 5.25934e-05 91
0.022345 5.30349e-05 91
0.0222737 5.32263e-05 91
0.0222029 5.36786e-05 91
0.0221325 5.47855e-05 91
0.0220625 5.61904e-05 91
0.021993 5.73372e-05 91
0.0219238 5.87367e-05 91
0.0218551 6.08072e-05 91
0.0217868 6.30158e-05 91
0.0217189 6.51034e-05 91
0.0216514 6.6606e-05 91
0.0215843 6.82963e-05 91
0.0215176 7.02106e-05 91
0.0214513 7.20397e-05 91
0.0213854 7.38325e-05 91
0.0213199 7.61282e-05 91
0.0212548 7.8719e-05 91
0.02119 8.11564e-05 91
0.0211257 8.38418e-05 91
0.0210617 8.59062e-05 91
0.020998 8.77442e-05 91
0.0209348 8.70145e-05 91
0.0208719 8.59659e-05 91
0.0208094 8.52976e-05 91
0.0207472 8.40849e-05 91
0.0206854 8.26916e-05 91
0.0206239 8.13923e-05 91
0.0205628 8.01602e-05 91
0.020502 7.91861e-05 91
0.0204416 7.86311e-05 91
0.0203816 7.80054e-05 91
0.0203218 7.40062e-05 91
0.0202624 7.05112e-05 91
0.0202034 6.76024e-05 91
0.0201446 6.54279e-05 91
0.0200862 6.36387e-05 91
0.0200281 6.19856e-05 91
0.0199704 6.04446e-05 91
0.0199129 5.94577e-05 91
0.0198558 5.76281e-05 91
0.019799 5.59276e-05 91
0.0197425 5.48066e-05 91
0.0196863 5.43751e-05 91
0.0196305 5.43455e-05 91
0.0195749 5.3635e-05 91
0.0195196 5.3661e-05 91
0.0194647 5.43137e-05 91
0.01941 5.58989e-05 91
0.0193556 5.82331e-05 91
0.0193015 6.10814e-05 91
0.0192477 6.44243e-05 91
0.0191942 6.7402e-05 91
0.019141 6.9669e-05 91
0.0190881 7.25274e-05 91
0.0190355 7.53653e-05 91
0.0189831 7.79822e-05 91
0.018931 8.0909e-05 91
0.0188792 8.23002e-05 91
0.0188276 8.36447e-05 91
0.0187764 8.46737e-05 91
0.0187254 8.48887e-05 91
0.0186746 8.51244e-05 91
0.0186241 8.54776e-05 91
0.0185739 8.59833e-05 91
0.018524 8.63085e-05 91
0.0184743 8.67003e-05 91
0.0184249 8.7151e-05 91
0.0183757 8.68915e-05 91
0.0183268 8.62498e-05 91
0.0182781 8.49181e-05 91
0.0182297 8.37783e-05 91
0.0181815 8.24816e-05 91
0.0181336 8.14447e-05 91
0.0180859 8.10911e-05 91
0.0180384 8.1172e-05 91
0.0179912 8.15532e-05 91
0.0179443 8.1866e-05 91
0.0178975 8.14502e-05 91
0.017851 8.053e-05 91
0.0178048 7.80726e-05 91
0.0177587 7.51453e-05 91
0.0177129 7.26388e-05 91
0.0176674 6.97893e-05 91
0.017622 6.69564e-05 91
0.0175769 6.46853e-05 91
0.017532 6.30658e-05 91
0.0174873 6.21177e-05 91
0.0174429 6.17666e-05 91
0.0173986 6.17764e-05 91
0.0173546 6.19281e-05 91
0.0173108 6.20797e-05 91
0.0172672 6.22218e-05 91
0.0172238 6.2446e-05 91
0.0171806 6.32499e-05 91
0.0171377 6.41849e-05 91
0.0170949 6.51681e-05 91
0.0170524 6.62789e-05 91
0.01701 6.73243e-05 91
0.0169679 6.83362e-05 91
0.016926 6.89335e-05 91
0.0168842 6.98356e-05 91
0.0168427 7.12405e-05 91
0.0168013 7.27646e-05 91
0.0167602 7.46198e-05 91
0.0167192 7.58429e-05 91
0.0166785 7.64411e-05 91
0.0166379 7.69769e-05 91
0.0165975 7.73429e-05 91
0.0165574 7.78963e-05 91
0.0165174 7.84195e-05 91
0.0164776 7.86318e-05 91
0.0164379 7.86031e-05 91
0.0163985 7.79721e-05 91
0.0163592 7.73086e-05 91
0.0163202 7.70684e-05 91
0.0162813 7.70192e-05 91
0.0162426 7.73252e-05 91
0.016204 7.83861e-05 91
0.0161657 7.93377e-05 91
0.0161275 7.95535e-05 91
0.0160895 7.95519e-05 91
0.0160516 7.938e-05 91
0.016014 7.94406e-05 91
0.0159765 7.97254e-05 91
0.0159392 8.00942e-05 91
0.015902 8.0527e-05 91
0.015865 8.05638e-05 91
0.0158282 8.06909e-05 91
0.0157916 8.14147e-05 91
0.0157551 8.25236e-05 91
0.0157187 8.43947e-05 91
0.0156826 8.55389e-05 91
0.0156466 8.62459e-05 91
0.0156107 8.72429e-05 91
0.0155751 8.81827e-05 91
0.0155395 8.95244e-05 91
0.0155042 9.06094e-05 91
0.015469 9.11014e-05 91
0.0154339 9.15851e-05 91
0.015399 9.15345e-05 91
0.0153643 9.14982e-05 91
0.0153297 9.09002e-05 91
0.0152952 8.98397e-05 91
0.0152609 8.93758e-05 91
0.0152268 8.90456e-05 91
0.0151928 8.84665e-05 91
0.0151589 8.77698e-05 91
0.0151252 8.72062e-05 91
0.0150917 8.67589e-05 91
0.0150582 8.60185e-05 91
0.015025 8.52406e-05 91
0.0149918 8.45806e-05 91
0.0149589 8.38006e-05 91
0.014926 8.33595e-05 91
0.0148933 8.25465e-05 91
0.0148607 8.14991e-05 91
0.0148283 8.06699e-05 91
0.014796 8.0047e-05 91
0.0147639 7.97355e-05 91
0.0147318 7.94081e-05 91
0.0147 7.87819e-05 91
0.0146682 7.83484e-05 91
0.0146366 7.81407e-05 91
0.0146051 7.80327e-05 91
0.0145738 7.75692e-05 91
0.0145425 7.7263e-05 91
0.0145114 7.66814e-05 91
0.0144805 7.60506e-05 91
0.0144496 7.55426e-05 91
0.0144189 7.42807e-05 91
0.0143884 7.30768e-05 91
0.0143579 7.20673e-05 91
0.0143276 7.15703e-05 91
0.0142974 7.14196e-05 91
0.0142673 7.0724e-05 91
0.0142373 6.96109e-05 91
0.0142075 6.85425e-05 91
0.0141778 6.716e-05 91
0.0141482 6.61175e-05 91
0.0141187 6.54412e-05 91
0.0140894 6.47576e-05 91
0.0140601 6.44769e-05 91
0.014031 6.41101e-05 91
0.014002 6.40757e-05 91
0.0139731 6.40397e-05 91
0.0139444 6.46232e-05 91
0.0139157 6.57846e-05 91
0.0138872 6.67557e-05 91
0.0138587 6.77154e-05 91
0.0138304 6.79623e-05 91
0.0138022 6.83325e-05 91
0.0137742 6.87338e-05 91
0.0137462 6.93194e-05 91
0.0137183 7.00955e-05 91
0.0136906 7.07291e-05 91
0.0136629 7.00655e-05 91
0.0136354 6.8615e-05 91
0.0136079 6.77804e-05 91
0.0135806 6.69485e-05 91
0.0135534 6.55479e-05 91
0.0135263 6.37967e-05 91
0.0134993 6.21992e-05 91
0.0134724 6.05989e-05 91
0.0134456 5.9237e-05 91
0.0134189 5.83008e-05 91
0.0133923 5.81076e-05 91
0.0133658 5.80919e-05 91
0.0133395 5.78288e-05 91
0.0133132 5.78819e-05 91
0.013287 5.81439e-05 91
0.0132609 5.82395e-05 91
0.0132349 5.77407e-05 91
0.0132091 5.70583e-05 91
0.0131833 5.65815e-05 91
0.0131576 5.61831e-05 91
0.013132 5.50298e-05 91
0.0131065 5.29515e-05 91
0.0130811 5.0845e-05 91
0.0130558 4.90197e-05 91
0.0130306 4.68045e-05 91
0.0130055 4.49491e-05 91
0.0129805 4.3243e-05 91
0.0129556 4.18526e-05 91
0.0129307 4.0959e-05 91
0.012906 4.03222e-05 91
0.0128814 3.99183e-05 91
0.0128568 3.95434e-05 91
0.0128324 3.9637e-05 91
0.012808 4.04122e-05 91
0.0127837 4.10994e-05 91
0.0127595 4.10608e-05 91
0.0127354 4.07076e-05 91
0.0127114 4.0436e-05 91
0.0126875 4.03097e-05 91
0.0126637 4.02059e-05 91
0.0126399 4.02103e-05 91
0.0126163 4.02839e-05 91
0.0125927 3.99857e-05 91
0.0125692 3.9799e-05 91
0.0125458 3.95389e-05 91
0.0125225 3.93445e-05 91
0.0124992 3.90164e-05 91
0.0124761 3.87354e-05 91
0.012453 3.87176e-05 91
0.01243 3.87669e-05 91
0.0124071 3.9074e-05 91
0.0123843 3.9374e-05 91
0.0123616 3.95682e-05 91
0.0123389 3.98905e-05 91
0.0123164 4.05046e-05 91
0.0122939 4.1229e-05 91
0.0122715 4.24537e-05 91
0.0122491 4.37152e-05 91
0.0122269 4.51319e-05 91
0.0122047 4.61407e-05 91
0.0121826 4.70757e-05 91
0.0121606 4.79275e-05 91
0.0121386 4.87068e-05 91
0.0121168 4.9519e-05 91
0.012095 4.97406e-05 91
0.0120733 4.95371e-05 91
0.0120517 4.85628e-05 91
0.0120301 4.75539e-05 91
0.0120086 4.67912e-05 91
0.0119872 4.62161e-05 91
0.0119659 4.59425e-05 91
0.0119446 4.58304e-05 91
0.0119234 4.57238e-05 91
0.0119023 4.60074e-05 91
0.0118813 4.61361e-05 91
0.0118603 4.64577e-05 91
0.0118394 4.68385e-05 91
0.0118186 4.68222e-05 91
0.0117978 4.7122e-05 91
0.0117772 4.75649e-05 91
0.0117566 4.79847e-05 91
0.011736 4.83288e-05 91
0.0117156 4.87102e-05 91
0.0116952 4.91678e-05 91
0.0116748 4.94064e-05 91
0.0116546 4.98114e-05 91
0.0116344 5.03826e-05 91
0.0116142 5.04999e-05 91
0.0115942 5.09235e-05 91
0.0115742 5.12228e-05 91
0.0115543 5.16071e-05 91
0.0115344 5.22187e-05 91
0.0115146 5.2573e-05 91
0.0114949 5.26039e-05 91
0.0114753 5.21712e-05 91
0.0114557 5.16637e-05 91
0.0114362 5.12504e-05 91
0.0114167 5.10741e-05 91
0.0113973 5.08888e-05 91
0.011378 4.98155e-05 91
0.0113587 4.89777e-05 91
0.0113395 4.86313e-05 91
0.0113204 4.8827e-05 91
0.0113013 4.97212e-05 91
0.0112823 5.1182e-05 91
0.0112633 5.25921e-05 91
0.0112445 5.39762e-05 91
0.0112256 5.55413e-05 91
0.0112069 5.71046e-05 91
0.0111882 5.81389e-05 91
0.0111695 5.78967e-05 91
0.0111509 5.76724e-05 91
0.0111324 5.75456e-05 91
0.011114 5.75329e-05 91
0.0110956 5.71781e-05 91
0.0110772 5.65336e-05 91
0.011059 5.59827e-05 91
0.0110407 5.54148e-05 91
0.0110226 5.5021e-05 91
0.0110045 5.41973e-05 91
0.0109864 5.37058e-05 91
0.0109684 5.39276e-05 91
0.0109505 5.45981e-05 91
0.0109326 5.54154e-05 91
0.0109148 5.40917e-05 91
0.010897 5.24217e-05 91
0.0108793 5.02149e-05 91
0.0108617 4.85106e-05 91
0.0108441 4.75438e-05 91
0.0108266 4.68235e-05 91
0.0108091 4.56327e-05 91
0.0107917 4.48099e-05 91
0.0107743 4.44414e-05 91
0.010757 4.42165e-05 91
0.0107397 4.38748e-05 91
0.0107225 4.33061e-05 91
0.0107054 4.25366e-05 91
0.0106883 4.16731e-05 91
0.0106712 4.0761e-05 91
0.0106542 3.96967e-05 91
0.0106373 3.89999e-05 91
0.0106204 3.86501e-05 91
0.0106036 3.85301e-05 91
0.0105868 3.90306e-05 91
0.0105701 3.95366e-05 91
0.0105534 4.00298e-05 91
0.0105368 4.01261e-05 91
0.0105202 4.02519e-05 91
0.0105037 4.04754e-05 91
0.0104872 4.07288e-05 91
0.0104708 4.09028e-05 91
0.0104544 4.12222e-05 91
0.0104381 4.18911e-05 91
0.0104218 4.21689e-05 91
0.0104056 4.16314e-05 91
0.0103894 4.04517e-05 91
0.0103733 3.93054e-05 91
0.0103572 3.85027e-05 91
0.0103412 3.80072e-05 91
0.0103252 3.7455e-05 91
0.0103093 3.68912e-05 91
0.0102934 3.66267e-05 91
0.0102776 3.66283e-05 91
0.0102618 3.68528e-05 91
0.010246 3.71643e-05 91
0.0102304 3.7816e-05 91
0.0102147 3.83573e-05 91
0.0101991 3.9065e-05 91
0.0101836 4.0171e-05 91
0.0101681 4.18963e-05 91
0.0101526 4.30864e-05 91
0.0101372 4.41391e-05 91
0.0101218 4.54651e-05 91
0.0101065 4.68266e-05 91
0.0100912 4.67646e-05 91
0.010076 4.68206e-05 91
0.0100608 4.68525e-05 91
0.0100457 4.68247e-05 91
0.0100306 4.66214e-05 91
0.0100155 4.62744e-05 91
0.0100005 4.65526e-05 91
0.00998558 4.69132e-05 91
0.00997066 4.74214e-05 91
0.00995579 4.78678e-05 91
0.00994096 4.80545e-05 91
0.00992617 4.81468e-05 91
0.00991143 4.78092e-05 91
0.00989672 4.74752e-05 91
0.00988207 4.7347e-05 91
0.00986745 4.70477e-05 91
0.00985288 4.70375e-05 91
0.00983835 4.69314e-05 91
0.00982386 4.65654e-05 91
0.00980941 4.62743e-05 91
0.00979501 4.6207e-05 91
0.00978064 4.63067e-05 91
0.00976632 4.66675e-05 91
0.00975204 4.71151e-05 91
0.0097378 4.75653e-05 91
0.0097236 4.7786e-05 91
0.00970944 4.86043e-05 91
0.00969532 4.95292e-05 91
0.00968124 5.04656e-05 91
0.00966721 5.1519e-05 91
0.00965321 5.18346e-05 90
0.00963925 5.19533e-05 90
0.00962533 5.14052e-05 90
0.00961145 5.08599e-05 90
0.00959761 5.04873e-05 90
0.00958381 4.99482e-05 90
0.00957005 4.91505e-05 90
0.00955632 4.86339e-05 90
0.00954264 4.81066e-05 90
0.00952899 4.74641e-05 90
0.00951539 4.69103e-05 90
0.00950182 4.66217e-05 90
0.00948828 4.63005e-05 90
0.00947479 4.58214e-05 90
0.00946133 4.55968e-05 90
0.00944791 4.56859e-05 90
0.00943453 4.56869e-05 90
0.00942119 4.5762e-05 89
0.00940788 4.60212e-05 89
0.00939461 4.61654e-05 89
0.00938138 4.56008e-05 89
0.00936818 4.5423e-05 89
0.00935502 4.52524e-05 89
0.00934189 4.52202e-05 89
0.00932881 4.5668e-05 89
0.00931575 4.62964e-05 89
0.00930274 4.733e-05 89
0.00928976 4.84146e-05 89
0.00927681 4.91427e-05 89
0.0092639 4.96337e-05 89
0.00925103 4.97713e-05 89
0.00923819 4.95154e-05 89
0.00922538 4.95297e-05 89
0.00921262 4.98427e-05 89
0.00919988 5.0656e-05 89
0.00918718 5.14293e-05 89
0.00917451 5.03334e-05 89
0.00916188 4.90962e-05 89
0.00914929 4.80879e-05 89
0.00913672 4.70513e-05 89
0.00912419 4.54387e-05 89
0.0091117 4.43564e-05 89
0.00909924 4.31842e-05 89
0.00908681 4.24702e-05 89
0.00907441 4.2198e-05 89
0.00906205 4.16975e-05 89
0.00904972 4.08457e-05 89
0.00903742 3.95567e-05 89
0.00902516 3.85468e-05 89
0.00901293 3.7699e-05 89
0.00900073 3.71062e-05 89
0.00898857 3.63978e-05 89
0.00897643 3.55079e-05 89
0.00896433 3.4846e-05 89
0.00895226 3.45598e-05 89
0.00894023 3.44078e-05 89
0.00892822 3.43256e-05 89
0.00891625 3.39281e-05 89
0.00890431 3.3862e-05 89
0.0088924 3.41938e-05 89
0.00888052 3.36808e-05 89
0.00886867 3.25385e-05 89
0.00885685 3.1535e-05 89
0.00884507 3.0822e-05 89
0.00883331 3.05778e-05 89
0.00882159 3.07001e-05 89
0.00880989 3.13094e-05 89
0.00879823 3.19991e-05 89
0.00878659 3.24343e-05 89
0.00877499 3.24396e-05 89
0.00876342 3.16462e-05 89
0.00875188 3.07311e-05 89
0.00874036 3.00755e-05 89
0.00872888 2.97381e-05 89
0.00871743 2.96431e-05 89
0.008706 2.92511e-05 89
0.00869461 2.92104e-05 89
0.00868324 2.9377e-05 89
0.00867191 2.87096e-05 87
0.0086606 2.89859e-05 87
0.00864932 2.90921e-05 87
0.00863807 2.94437e-05 87
0.00862685 2.99946e-05 87
0.00861566 3.07864e-05 87
0.0086045 3.13442e-05 87
0.00859336 3.15698e-05 87
0.00858226 3.15411e-05 87
0.00857118 3.15266e-05 87
0.00856013 3.17972e-05 87
0.00854911 3.23667e-05 87
0.00853811 3.32109e-05 87
0.00852715 3.37534e-05 87
0.00851621 3.34891e-05 87
0.0085053 3.34757e-05 87
0.00849441 3.39129e-05 87
0.00848356 3.4687e-05 87
0.00847273 3.57524e-05 87
0.00846192 3.70549e-05 87
0.00845115 3.80088e-05 87
0.0084404 3.85405e-05 87
0.00842968 3.83859e-05 87
0.00841899 3.80432e-05 87
0.00840832 3.76537e-05 87
0.00839768 3.74405e-05 87
0.00838707 3.75872e-05 87
0.00837648 3.78315e-05 87
0.00836592 3.72067e-05 87
0.00835538 3.68619e-05 87
0.00834487 3.6833e-05 87
0.00833439 3.67636e-05 87
0.00832393 3.61459e-05 87
0.0083135 3.52254e-05 86
0.00830309 3.45615e-05 86
0.00829271 3.37045e-05 86
0.00828236 3.27735e-05 86
0.00827203 3.16732e-05 86
0.00826173 3.05615e-05 85
0.00825145 2.95877e-05 85
0.00824119 2.87592e-05 85
0.00823097 2.79401e-05 85
0.00822076 2.6834e-05 85
0.00821058 2.59815e-05 85
0.00820043 2.54331e-05 85
0.0081903 2.4942e-05 85
0.0081802 2.47007e-05 85
0.00817012 2.45505e-05 85
0.00816006 2.50613e-05 85
0.00815003 2.6011e-05 85
0.00814002 2.71869e-05 85
0.00813004 2.90076e-05 85
0.00812008 3.08634e-05 85
0.00811015 3.25612e-05 85
0.00810024 3.40619e-05 85
0.00809035 3.53737e-05 85
0.00808049 3.67995e-05 85
0.00807065 3.76936e-05 85
0.00806083 3.74919e-05 85
0.00805104 3.70897e-05 85
0.00804127 3.68246e-05 85
0.00803152 3.65114e-05 85
0.0080218 3.60269e-05 85
0.0080121 3.55674e-05 85
0.00800243 3.54457e-05 85
0.00799277 3.56068e-05 85
0.00798314 3.59e-05 85
0.00797354 3.5744e-05 85
0.00796395 3.55326e-05 85
0.00795439 3.50924e-05 85
0.00794485 3.49744e-05 85
0.00793533 3.51731e-05 85
0.00792584 3.51179e-05 85
0.00791637 3.46299e-05 85
0.00790692 3.40121e-05 84
0.00789749 3.36362e-05 84
0.00788809 3.33893e-05 84
0.0078787 3.28148e-05 84
0.00786934 3.20455e-05 84
0.00786 3.19401e-05 84
0.00785068 3.22462e-05 84
0.00784139 3.26078e-05 84
0.00783211 3.26778e-05 84
0.00782286 3.30068e-05 84
0.00781363 3.33158e-05 84
0.00780442 3.35618e-05 84
0.00779523 3.39811e-05 84
0.00778607 3.43697e-05 84
0.00777692 3.36179e-05 84
0.0077678 3.21252e-05 84
0.00775869 3.09118e-05 84
0.00774961 2.96132e-05 84
0.00774055 2.84894e-05 84
0.00773151 2.7109e-05 84
0.00772249 2.55019e-05 83
0.00771349 2.43551e-05 83
0.00770451 2.3167e-05 83
0.00769555 2.15699e-05 83
0.00768662 2.05108e-05 83
0.0076777 1.97899e-05 83
0.0076688 1.94928e-05 83
0.00765993 1.95328e-05 83
0.00765107 1.93152e-05 83
0.00764223 1.9056e-05 83
0.00763342 1.92117e-05 83
0.00762462 1.93579e-05 83
0.00761585 1.90788e-05 83
0.00760709 1.85797e-05 83
0.00759836 1.81737e-05 83
0.00758964 1.80184e-05 83
0.00758094 1.77336e-05 83
0.00757227 1.79729e-05 83
0.00756361 1.84105e-05 83
0.00755497 1.89454e-05 83
0.00754635 1.98043e-05 83
0.00753775 2.08892e-05 83
0.00752918 2.2239e-05 83
0.00752061 2.35939e-05 83
