0.000601853
0.00363454
0.025796
0.0978974
0.232367
0.411111
0.603382
0.773144
0.899356
0.974209
1
0.982678
0.933163
0.859517
0.772289
0.678153
0.582296
0.488855
0.401215
0.323662
0.257388
0.202645
0.157735
0.122566
0.0956681
0.0743253
0.0570085
0.0422788
0.030077
0.0205369
0.0135273
0.00812914
0.00493195
0.0041185
0.00507353
0.00483928
0.00471057
0.00382323
0.00224781
0.000895314
0.000163463
9.60185e-05
3.60391e-05
9.06126e-05
0.000237343
0.000578428
0.000699931
0.000564784
0.000211086
0.000178908
