0.05
0.00173 
0.00211 
0.00258 
0.00315 
0.00384 
0.00467 
0.00565 
0.00681 
0.00818 
0.00979 
0.01165 
0.01381 
0.01629 
0.01913 
0.02235 
0.02599 
0.03008 
0.03465 
0.03973 
0.04536 
0.05155 
0.05834 
0.06574 
0.07377 
0.08246 
0.09181 
0.10184 
0.11254 
0.12392 
0.13597 
0.14870 
0.16208 
0.17611 
0.19076 
0.20602 
0.22185 
0.23822 
0.25512 
0.27249 
0.29031 
0.30854 
0.32713 
0.34605 
0.36524 
0.38467 
0.40429 
0.42406 
0.44394 
0.46387 
0.48382 
0.50374 
0.52360 
0.54334 
0.56295 
0.58237 
0.60157 
0.62053 
0.63920 
0.65756 
0.67558 
0.69323 
0.71050 
0.72736 
0.74378 
0.75976 
0.77528 
0.79031 
0.80486 
0.81890 
0.83243 
0.84545 
0.85794 
0.86990 
0.88132 
0.89221 
0.90256 
0.91237 
0.92164 
0.93037 
0.93856 
0.94622 
0.95335 
0.95995 
0.96602 
0.97158 
0.97662 
0.98115 
0.98518 
0.98871 
0.99175 
0.99430 
0.99637 
0.99797 
0.99910 
0.99978 
1.00000 
0.99978 
0.99912 
0.99803 
0.99653 
0.99461 
0.99228 
0.98956 
0.98645 
0.98296 
0.97911 
0.97489 
0.97032 
0.96541 
0.96017 
0.95461 
0.94873 
0.94256 
0.93609 
0.92935 
0.92234 
0.91507 
0.90755 
0.89980 
0.89183 
0.88364 
0.87526 
0.86669 
0.85795 
0.84904 
0.83998 
0.83079 
0.82147 
0.81203 
0.80249 
0.79287 
0.78316 
0.77339 
0.76356 
0.75369 
0.74379 
0.73387 
0.72393 
0.71400 
0.70407 
0.69417 
0.68429 
0.67445 
0.66466 
0.65493 
0.64526 
0.63566 
0.62614 
0.61670 
0.60736 
0.59812 
0.58897 
0.57994 
0.57102 
0.56222 
0.55353 
0.54498 
0.53655 
0.52825 
0.52008 
0.51206 
0.50416 
0.49641 
0.48879 
0.48131 
0.47394 
0.46667 
0.45951 
0.45246 
0.44551 
0.43867 
0.43193 
0.42530 
0.41876 
0.41232 
0.40598 
0.39973 
0.39358 
0.38751 
0.38154 
0.37565 
0.36984 
0.36411 
0.35846 
0.35289 
0.34738 
0.34195 
0.33658 
0.33128 
0.32604 
0.32086 
0.31574 
0.31067 
0.30566 
0.30069 
0.29577 
0.29089 
0.28606 
0.28126 
0.27651 
0.27179 
0.26710 
0.26244 
0.25782 
0.25322 
0.24865 
0.24410 
0.23958 
0.23507 
0.23059 
0.22612 
0.22167 
0.21724 
0.21282 
0.20941 
0.20679 
0.20419 
0.20161 
0.19906 
0.19652 
0.19401 
0.19152 
0.18905 
0.18660 
0.18417 
0.18176 
0.17937 
0.17700 
0.17465 
0.17232 
0.17001 
0.16773 
0.16546 
0.16322 
0.16100 
0.15880 
0.15662 
0.15447 
0.15235 
0.15024 
0.14817 
0.14612 
0.14410 
0.14211 
0.14015 
0.13822 
0.13632 
0.13445 
0.13261 
0.13081 
0.12905 
0.12732 
0.12563 
0.12398 
0.12237 
0.12080 
0.11928 
0.11779 
0.11636 
0.11496 
0.11362 
0.11232 
0.11108 
0.10988 
0.10873 
0.10758 
0.10642 
0.10526 
0.10410 
0.10294 
0.10178 
0.10062 
0.09947 
0.09831 
0.09716 
0.09602 
0.09488 
0.09375 
0.09263 
0.09152 
0.09041 
0.08932 
0.08824 
0.08717 
0.08611 
0.08506 
0.08403 
0.08300 
0.08200 
0.08101 
0.08003 
0.07907 
0.07812 
0.07719 
0.07628 
0.07538 
0.07450 
0.07363 
0.07278 
0.07195 
0.07114 
0.07034 
0.06956 
0.06880 
0.06805 
0.06732 
0.06661 
0.06591 
0.06524 
0.06457 
0.06393 
0.06330 
0.06268 
0.06208 
0.06150 
0.06093 
0.06038 
0.05984 
0.05932 
0.05881 
0.05831 
0.05783 
0.05736 
0.05690 
0.05646 
0.05603 
0.05561 
0.05520 
0.05481 
0.05442 
0.05405 
0.05368 
0.05333 
0.05299 
0.05265 
0.05233 
0.05201 
0.05170 
0.05141 
0.05111 
0.05083 
0.05055 
0.05029 
0.05002 
0.04977 
0.04952 
0.04928 
0.04904 
0.04881 
0.04858 
0.04836 
0.04815 
0.04794 
0.04773 
0.04753 
0.04733 
0.04714 
0.04695 
0.04676 
0.04658 
0.04640 
0.04623 
0.04605 
0.04588 
0.04571 
0.04555 
0.04539 
0.04523 
0.04507 
0.04491 
0.04476 
0.04461 
0.04446 
0.04431 
0.04416 
0.04402 
0.04388 
0.04374 
0.04359 
0.04346 
0.04332 
0.04318 
0.04305 
0.04291 
0.04278 
0.04265 
0.04251 
0.04238 
0.04225 
0.04213 
0.04200 
0.04187 
0.04174 
0.04162 
0.04149 
0.04137 
0.04125 
0.04112 
0.04100 
0.04088 
0.04076 
0.04064 
0.04052 
0.04040 
0.04028 
0.04016 
0.04004 
0.03992 
0.03980 
0.03969 
0.03957 
0.03946 
0.03934 
0.03922 
0.03911 
0.03900 
0.03888 
0.03877 
0.03865 
0.03854 
0.03843 
0.03832 
0.03821 
0.03809 
0.03798 
0.03787 
0.03776 
0.03765 
0.03754 
0.03743 
0.03733 
0.03722 
0.03711 
0.03700 
0.03689 
0.03679 
0.03668 
0.03657 
0.03647 
0.03636 
0.03626 
0.03615 
0.03605 
0.03594 
0.03584 
0.03573 
0.03563 
0.03553 
0.03543 
0.03532 
0.03522 
0.03512 
0.03502 
0.03492 
0.03482 
0.03472 
0.03462 
0.03452 
0.03442 
0.03432 
0.03422 
0.03412 
0.03402 
0.03392 
0.03383 
0.03373 
0.03363 
0.03353 
0.03344 
0.03334 
0.03325 
0.03315 
0.03306 
0.03296 
0.03287 
0.03277 
0.03268 
0.03258 
0.03249 
0.03240 
0.03231 
0.03221 
0.03212 
0.03203 
0.03194 
0.03185 
0.03176 
0.03167 
0.03157 
0.03148 
0.03140 
0.03131 
0.03122 
0.03113 
0.03104 
0.03095 
0.03086 
0.03078 
0.03069 
0.03060 
0.03051 
0.03043 
0.03034 
0.03026 
0.03017 
0.03008 
0.03000 
0.02991 
0.02983 
0.02975 
0.02966 
0.02958 
0.02949 
0.02941 
0.02933 
0.02925 
0.02916 
0.02908 
0.02900 
0.02892 
0.02884 
0.02876 
0.02867 
0.02859 
0.02851 
0.02843 
0.02835 
0.02828 
0.02820 
0.02812 
0.02804 
0.02796 
0.02788 
0.02780 
0.02773 
0.02765 
0.02757 
0.02750 
0.02742 
0.02734 
0.02727 
0.02719 
0.02712 
0.02704 
0.02697 
0.02689 
0.02682 
0.02674 
0.02667 
0.02659 
0.02652 
0.02645 
0.02637 
0.02630 
0.02623 
0.02616 
0.02608 
0.02601 
0.02594 
0.02587 
0.02580 
0.02573 
0.02566 
0.02559 
0.02552 
0.02545 
0.02538 
0.02531 
0.02524 
0.02517 
0.02510 
0.02503 
0.02496 
0.02490 
0.02483 
0.02476 
0.02469 
0.02463 
0.02456 
0.02449 
0.02443 
0.02436 
0.02429 
0.02423 
0.02416 
0.02410 
0.02403 
0.02397 
0.02390 
0.02384 
0.02377 
0.02371 
0.02365 
0.02358 
0.02352 
0.02346 
0.02339 
0.02333 
0.02327 
0.02320 
0.02314 
0.02308 
0.02302 
0.02296 
0.02290 
0.02283 
0.02277 
0.02271 
0.02265 
0.02259 
0.02253 
0.02247 
0.02241 
0.02235 
0.02229 
0.02223 
0.02218 
0.02212 
0.02206 
0.02200 
0.02194 
0.02188 
0.02183 
0.02177 
0.02171 
0.02165 
0.02160 
0.02154 
0.02148 
0.02143 
0.02137 
0.02131 
0.02126 
0.02120 
0.02115 
0.02109 
0.02104 
0.02098 
0.02093 
0.02087 
0.02082 
0.02076 
0.02071 
0.02066 
0.02060 
0.02055 
0.02050 
0.02044 
0.02039 
0.02034 
0.02028 
0.02023 
0.02018 
0.02013 
0.02007 
0.02002 
0.01997 
0.01992 
0.01987 
0.01982 
0.01977 
0.01972 
0.01967 
0.01961 
0.01956 
0.01951 
0.01946 
0.01941 
0.01937 
0.01932 
0.01927 
0.01922 
0.01917 
0.01912 
0.01907 
0.01902 
0.01897 
0.01893 
0.01888 
0.01883 
0.01878 
0.01873 
0.01869 
0.01864 
0.01859 
0.01855 
0.01850 
0.01845 
0.01841 
0.01836 
0.01831 
0.01827 
0.01822 
0.01818 
0.01813 
0.01809 
0.01804 
0.01800 
0.01795 
0.01791 
0.01786 
0.01782 
0.01777 
0.01773 
0.01768 
0.01764 
0.01760 
0.01755 
0.01751 
0.01746 
0.01742 
0.01738 
0.01734 
0.01729 
0.01725 
0.01721 
0.01716 
0.01712 
0.01708 
0.01704 
0.01700 
0.01695 
0.01691 
0.01687 
0.01683 
0.01679 
0.01675 
0.01671 
0.01667 
0.01663 
0.01659 
0.01654 
0.01650 
0.01646 
0.01642 
0.01638 
0.01634 
0.01630 
0.01627 
0.01623 
0.01619 
0.01615 
0.01611 
0.01607 
0.01603 
0.01599 
0.01595 
0.01591 
0.01588 
0.01584 
0.01580 
0.01576 
0.01572 
0.01569 
0.01565 
0.01561 
0.01557 
0.01554 
0.01550 
0.01546 
0.01543 
0.01539 
0.01535 
0.01532 
0.01528 
0.01524 
0.01521 
0.01517 
0.01514 
0.01510 
0.01506 
0.01503 
0.01499 
0.01496 
0.01492 
0.01489 
0.01485 
0.01482 
0.01478 
0.01475 
0.01471 
0.01468 
0.01464 
0.01461 
0.01458 
0.01454 
0.01451 
0.01447 
0.01444 
0.01441 
0.01437 
0.01434 
0.01431 
0.01427 
0.01424 
0.01421 
0.01417 
0.01414 
0.01411 
0.01407 
0.01404 
0.01401 
0.01398 
0.01395 
0.01391 
0.01388 
0.01385 
0.01382 
0.01379 
0.01375 
0.01372 
0.01369 
0.01366 
0.01363 
0.01360 
0.01357 
0.01354 
0.01350 
0.01347 
0.01344 
0.01341 
0.01338 
0.01335 
0.01332 
0.01329 
0.01326 
0.01323 
0.01320 
0.01317 
0.01314 
0.01311 
0.01308 
0.01305 
0.01302 
0.01299 
0.01296 
0.01293 
0.01291 
0.01288 
0.01285 
0.01282 
0.01279 
0.01276 
0.01273 
0.01270 
0.01268 
0.01265 
0.01262 
0.01259 
0.01256 
0.01254 
0.01251 
0.01248 
0.01245 
0.01242 
0.01240 
0.01237 
0.01234 
0.01232 
0.01229 
0.01226 
0.01223 
0.01221 
0.01218 
0.01215 
0.01213 
0.01210 
0.01207 
0.01205 
0.01202 
0.01199 
0.01197 
0.01194 
0.01192 
0.01189 
0.01186 
0.01184 
0.01181 
0.01179 
0.01176 
0.01174 
0.01171 
0.01168 
0.01166 
0.01163 
0.01161 
0.01158 
0.01156 
0.01153 
0.01151 
0.01148 
0.01146 
0.01143 
0.01141 
0.01139 
0.01136 
0.01134 
0.01131 
0.01129 
0.01126 
0.01124 
0.01122 
0.01119 
0.01117 
0.01114 
0.01112 
0.01110 
0.01107 
0.01105 
0.01103 
0.01100 
0.01098 
0.01096 
0.01093 
0.01091 
0.01089 
0.01086 
0.01084 
0.01082 
0.01079 
0.01077 
0.01075 
0.01073 
0.01070 
0.01068 
0.01066 
0.01064 
0.01061 
0.01059 
0.01057 
0.01055 
0.01053 
0.01050 
0.01048 
0.01046 
0.01044 
0.01042 
0.01039 
0.01037 
0.01035 
0.01033 
0.01031 
0.01029 
0.01027 
0.01024 
0.01022 
0.01020 
0.01018 
0.01016 
0.01014 
0.01012 
0.01010 
0.01008 
0.01006 
0.01004 
0.01002 
0.00999 
0.00997 
0.00995 
0.00993 
0.00991 
0.00989 
0.00987 
0.00985 
0.00983 
0.00981 
0.00979 
0.00977 
0.00975 
0.00973 
0.00971 
0.00969 
0.00967 
0.00965 
0.00963 
0.00962 
0.00960 
0.00958 
0.00956 
0.00954 
0.00952 
0.00950 
0.00948 
0.00946 
0.00944 
0.00942 
0.00940 
0.00939 
0.00937 
0.00935 
0.00933 
0.00931 
0.00929 
0.00927 
0.00926 
0.00924 
0.00922 
0.00920 
0.00918 
0.00916 
0.00915 
0.00913 
0.00911 
0.00909 
0.00907 
0.00906 
0.00904 
0.00902 
0.00900 
0.00898 
0.00897 
0.00895 
0.00893 
0.00891 
0.00890 
0.00888 
0.00886 
0.00884 
0.00883 
0.00881 
0.00879 
0.00877 
0.00876 
0.00874 
0.00872 
0.00871 
0.00869 
0.00867 
0.00866 
0.00864 
0.00862 
0.00861 
0.00859 
0.00857 
0.00856 
0.00854 
0.00852 
0.00851 
0.00849 
0.00847 
0.00846 
0.00844 
0.00842 
0.00841 
0.00839 
0.00838 
0.00836 
0.00834 
0.00833 
0.00831 
0.00830 
0.00828 
0.00827 
0.00825 
0.00823 
0.00822 
0.00820 
0.00819 
0.00817 
0.00816 
0.00814 
0.00812 
0.00811 
0.00809 
0.00808 
0.00806 
0.00805 
0.00803 
0.00802 
0.00800 
0.00799 
0.00797 
0.00796 
0.00794 
0.00793 
0.00791 
0.00790 
0.00788 
0.00787 
0.00785 
0.00784 
0.00782 
0.00781 
0.00780 
0.00778 
0.00777 
0.00775 
0.00774 
0.00772 
0.00771 
0.00769 
0.00768 
0.00767 
0.00765 
0.00764 
0.00762 
0.00761 
0.00760 
0.00758 
0.00757 
0.00755 
0.00754 
0.00753 
0.00751 
0.00750 
0.00748 
0.00747 
0.00746 
0.00744 
0.00743 
0.00742 
0.00740 
0.00739 
0.00738 
0.00736 
0.00735 
0.00734 
0.00732 
0.00731 
0.00730 
0.00728 
0.00727 
0.00726 
0.00724 
0.00723 
0.00722 
0.00720 
0.00719 
0.00718 
0.00716 
0.00715 
0.00714 
0.00713 
0.00711 
0.00710 
0.00709 
0.00707 
0.00706 
0.00705 
0.00704 
0.00702 
0.00701 
0.00700 
0.00699 
0.00697 
0.00696 
0.00695 
0.00694 
0.00692 
0.00691 
0.00690 
0.00689 
0.00688 
0.00686 
0.00685 
0.00684 
0.00683 
0.00681 
0.00680 
0.00679 
0.00678 
0.00677 
0.00675 
0.00674 
0.00673 
0.00672 
0.00671 
0.00670 
0.00668 
0.00667 
0.00666 
0.00665 
0.00664 
0.00663 
0.00661 
0.00660 
0.00659 
0.00658 
0.00657 
0.00656 
0.00654 
0.00653 
0.00652 
0.00651 
0.00650 
0.00649 
0.00648 
0.00647 
0.00645 
0.00644 
0.00643 
0.00642 
0.00641 
0.00640 
0.00639 
0.00638 
0.00637 
0.00636 
0.00634 
0.00633 
0.00632 
0.00631 
0.00630 
0.00629 
0.00628 
0.00627 
0.00626 
0.00625 
0.00624 
0.00623 
0.00622 
0.00620 
0.00619 
0.00618 
0.00617 
0.00616 
0.00615 
0.00614 
0.00613 
0.00612 
0.00611 
0.00610 
0.00609 
0.00608 
0.00607 
0.00606 
0.00605 
0.00604 
0.00603 
0.00602 
0.00601 
0.00600 
0.00599 
0.00598 
0.00597 
0.00596 
0.00595 
0.00594 
0.00593 
0.00592 
0.00591 
0.00590 
0.00589 
0.00588 
0.00587 
0.00586 
0.00585 
0.00584 
0.00583 
0.00582 
0.00581 
0.00580 
0.00579 
0.00578 
0.00577 
0.00576 
0.00575 
0.00574 
0.00573 
0.00572 
0.00572 
0.00571 
0.00570 
0.00569 
0.00568 
0.00567 
0.00566 
0.00565 
0.00564 
0.00563 
0.00562 
0.00561 
0.00560 
0.00559 
0.00559 
0.00558 
0.00557 
0.00556 
0.00555 
0.00554 
0.00553 
0.00552 
0.00551 
0.00550 
0.00550 
0.00549 
0.00548 
0.00547 
0.00546 
0.00545 
0.00544 
0.00543 
0.00543 
0.00542 
0.00541 
0.00540 
0.00539 
0.00538 
0.00537 
0.00536 
0.00536 
0.00535 
0.00534 
0.00533 
0.00532 
0.00531 
0.00530 
0.00530 
0.00529 
0.00528 
0.00527 
0.00526 
0.00525 
0.00525 
0.00524 
0.00523 
0.00522 
0.00521 
0.00520 
0.00520 
0.00519 
0.00518 
0.00517 
0.00516 
0.00516 
0.00515 
0.00514 
0.00513 
0.00512 
0.00511 
0.00511 
0.00510 
0.00509 
0.00508 
0.00507 
0.00507 
0.00506 
0.00505 
0.00504 
0.00503 
0.00503 
0.00502 
0.00501 
0.00500 
0.00500 
0.00499 
0.00498 
0.00497 
0.00496 
0.00496 
0.00495 
0.00494 
0.00493 
0.00493 
0.00492 
0.00491 
0.00490 
0.00490 
0.00489 
0.00488 
0.00487 
0.00487 
0.00486 
0.00485 
0.00484 
0.00484 
0.00483 
0.00482 
0.00481 
0.00481 
0.00480 
0.00479 
0.00478 
0.00478 
0.00477 
0.00476 
0.00476 
0.00475 
0.00474 
0.00473 
0.00473 
0.00472 
0.00471 
0.00470 
0.00470 
0.00469 
0.00468 
0.00468 
0.00467 
0.00466 
0.00466 
0.00465 
0.00464 
0.00463 
0.00463 
0.00462 
0.00461 
0.00461 
0.00460 
0.00459 
0.00459 
0.00458 
0.00457 
0.00456 
0.00456 
0.00455 
0.00454 
0.00454 
0.00453 
0.00452 
0.00452 
0.00451 
0.00450 
0.00450 
0.00449 
0.00448 
0.00448 
0.00447 
0.00446 
0.00446 
0.00445 
0.00444 
0.00444 
0.00443 
0.00442 
0.00442 
0.00441 
0.00440 
0.00440 
0.00439 
0.00439 
0.00438 
0.00437 
0.00437 
0.00436 
0.00435 
0.00435 
0.00434 
0.00433 
0.00433 
0.00432 
0.00431 
0.00431 
0.00430 
0.00430 
0.00429 
0.00428 
0.00428 
0.00427 
0.00426 
0.00426 
0.00425 
0.00425 
0.00424 
0.00423 
0.00423 
0.00422 
0.00422 
0.00421 
0.00420 
0.00420 
0.00419 
0.00419 
0.00418 
0.00417 
0.00417 
0.00416 
0.00415 
0.00415 
0.00414 
0.00414 
0.00413 
0.00413 
0.00412 
0.00411 
0.00411 
0.00410 
0.00410 
0.00409 
0.00408 
0.00408 
0.00407 
0.00407 
0.00406 
0.00405 
0.00405 
0.00404 
0.00404 
0.00403 
0.00403 
0.00402 
0.00401 
0.00401 
0.00400 
0.00400 
0.00399 
0.00399 
0.00398 
0.00398 
0.00397 
0.00396 
0.00396 
0.00395 
0.00395 
0.00394 
0.00394 
0.00393 
0.00392 
0.00392 
0.00391 
0.00391 
0.00390 
0.00390 
0.00389 
0.00389 
0.00388 
0.00388 
0.00387 
0.00386 
0.00386 
0.00385 
0.00385 
0.00384 
0.00384 
0.00383 
0.00383 
0.00382 
0.00382 
0.00381 
0.00381 
0.00380 
0.00380 
0.00379 
0.00379 
0.00378 
0.00377 
0.00377 
0.00376 
0.00376 
0.00375 
0.00375 
0.00374 
0.00374 
0.00373 
0.00373 
0.00372 
0.00372 
0.00371 
0.00371 
0.00370 
0.00370 
0.00369 
0.00369 
0.00368 
0.00368 
0.00367 
0.00367 
0.00366 
0.00366 
0.00365 
0.00365 
0.00364 
0.00364 
0.00363 
0.00363 
0.00362 
0.00362 
0.00361 
0.00361 
0.00360 
0.00360 
0.00359 
0.00359 
0.00358 
0.00358 
0.00357 
0.00357 
0.00356 
0.00356 
0.00355 
0.00355 
0.00355 
0.00354 
0.00354 
0.00353 
0.00353 
0.00352 
0.00352 
0.00351 
0.00351 
0.00350 
0.00350 
0.00349 
0.00349 
0.00348 
0.00348 
0.00347 
0.00347 
0.00347 
0.00346 
0.00346 
0.00345 
0.00345 
0.00344 
0.00344 
0.00343 
0.00343 
0.00342 
0.00342 
0.00341 
0.00341 
0.00341 
0.00340 
0.00340 
0.00339 
0.00339 
0.00338 
0.00338 
0.00337 
0.00337 
0.00337 
0.00336 
0.00336 
0.00335 
0.00335 
0.00334 
0.00334 
0.00333 
0.00333 
0.00333 
0.00332 
0.00332 
0.00331 
0.00331 
0.00330 
0.00330 
0.00330 
0.00329 
0.00329 
0.00328 
0.00328 
0.00327 
0.00327 
0.00327 
0.00326 
0.00326 
0.00325 
0.00325 
0.00324 
0.00324 
0.00324 
0.00323 
0.00323 
0.00322 
0.00322 
0.00322 
0.00321 
0.00321 
0.00320 
0.00320 
0.00320 
0.00319 
0.00319 
0.00318 
0.00318 
0.00317 
0.00317 
0.00317 
0.00316 
0.00316 
0.00315 
0.00315 
0.00315 
0.00314 
0.00314 
0.00313 
0.00313 
0.00313 
0.00312 
0.00312 
0.00311 
0.00311 
0.00311 
0.00310 
0.00310 
0.00309 
0.00309 
0.00309 
0.00308 
0.00308 
0.00308 
0.00307 
0.00307 
0.00306 
0.00306 
0.00306 
0.00305 
0.00305 
0.00304 
0.00304 
0.00304 
0.00303 
0.00303 
0.00303 
0.00302 
0.00302 
0.00301 
0.00301 
0.00301 
0.00300 
0.00300 
0.00299 
0.00299 
0.00299 
0.00298 
0.00298 
0.00298 
0.00297 
0.00297 
0.00297 
0.00296 
0.00296 
0.00295 
0.00295 
0.00295 
0.00294 
0.00294 
0.00294 
0.00293 
0.00293 
0.00293 
0.00292 
0.00292 
0.00291 
0.00291 
0.00291 
0.00290 
0.00290 
0.00290 
0.00289 
0.00289 
0.00289 
0.00288 
0.00288 
0.00287 
0.00287 
0.00287 
0.00286 
0.00286 
0.00286 
0.00285 
0.00285 
0.00285 
0.00284 
0.00284 
0.00284 
0.00283 
0.00283 
0.00283 
0.00282 
0.00282 
0.00282 
0.00281 
0.00281 
0.00281 
0.00280 
0.00280 
0.00280 
0.00279 
0.00279 
0.00279 
0.00278 
0.00278 
0.00278 
0.00277 
0.00277 
0.00277 
0.00276 
0.00276 
0.00276 
0.00275 
0.00275 
0.00275 
0.00274 
0.00274 
0.00274 
0.00273 
0.00273 
0.00273 
0.00272 
0.00272 
0.00272 
0.00271 
0.00271 
0.00271 
0.00270 
0.00270 
0.00270 
0.00269 
0.00269 
0.00269 
0.00268 
0.00268 
0.00268 
0.00267 
0.00267 
0.00267 
0.00266 
0.00266 
0.00266 
0.00265 
0.00265 
0.00265 
0.00265 
0.00264 
0.00264 
0.00264 
0.00263 
0.00263 
0.00263 
0.00262 
0.00262 
0.00262 
0.00261 
0.00261 
0.00261 
0.00261 
0.00260 
0.00260 
0.00260 
0.00259 
0.00259 
0.00259 
0.00258 
0.00258 
0.00258 
0.00257 
0.00257 
0.00257 
0.00257 
0.00256 
0.00256 
0.00256 
0.00255 
0.00255 
0.00255 
0.00255 
0.00254 
0.00254 
0.00254 
0.00253 
0.00253 
0.00253 
0.00252 
0.00252 
0.00252 
0.00252 
0.00251 
0.00251 
0.00251 
0.00250 
0.00250 
0.00250 
0.00250 
0.00249 
0.00249 
0.00249 
0.00248 
0.00248 
0.00248 
0.00248 
0.00247 
0.00247 
0.00247 
0.00246 
0.00246 
0.00246 
0.00246 
0.00245 
0.00245 
0.00245 
0.00244 
0.00244 
0.00244 
0.00244 
0.00243 
0.00243 
0.00243 
0.00242 
0.00242 
0.00242 
0.00242 
0.00241 
0.00241 
0.00241 
0.00241 
0.00240 
0.00240 
0.00240 
0.00239 
0.00239 
0.00239 
0.00239 
0.00238 
0.00238 
0.00238 
0.00238 
0.00237 
0.00237 
0.00237 
0.00237 
0.00236 
0.00236 
0.00236 
0.00235 
0.00235 
0.00235 
0.00235 
0.00234 
0.00234 
0.00234 
0.00234 
0.00233 
0.00233 
0.00233 
0.00233 
0.00232 
0.00232 
0.00232 
0.00232 
0.00231 
0.00231 
0.00231 
0.00231 
0.00230 
0.00230 
0.00230 
0.00230 
0.00229 
0.00229 
0.00229 
0.00228 
0.00228 
0.00228 
0.00228 
0.00227 
0.00227 
0.00227 
0.00227 
0.00226 
0.00226 
0.00226 
0.00226 
0.00225 
0.00225 
0.00225 
0.00225 
0.00224 
0.00224 
0.00224 
0.00224 
0.00224 
0.00223 
0.00223 
0.00223 
0.00223 
0.00222 
0.00222 
0.00222 
0.00222 
0.00221 
0.00221 
0.00221 
0.00221 
0.00220 
0.00220 
0.00220 
0.00220 
0.00219 
0.00219 
0.00219 
0.00219 
0.00218 
0.00218 
0.00218 
0.00218 
0.00217 
0.00217 
0.00217 
0.00217 
0.00217 
0.00216 
0.00216 
0.00216 
0.00216 
0.00215 
0.00215 
0.00215 
0.00215 
0.00214 
