    0       1.0
    1       1.0
    2       1.0
    3       1.0
    4       1.0
    5       1.0
    6       1.0
    7       1.0
    8       1.0
    9       1.0
   10       1.0
   11       1.0
   12       1.0
   13       1.0
   14       1.0
   15       1.0
   16       1.0
   17       1.0
   18       1.0
   19       1.0
   20       1.0
   21       1.0
   22       1.0
   23       1.0
   24       1.0
   25       1.0
   26       1.0
   27       1.0
   28       1.0
   29       1.0
   30       1.0
   31       1.0
   32       1.0
   33       1.0
   34       1.0
   35       1.0
   36       1.0
   37       1.0
   38       1.0
   39       1.0
   40       1.0
   41       1.0
   42       1.0
   43       1.0
   44       1.0
   45       1.0
   46       1.0
   47       1.0
   48       1.0
   49       1.0
   50       1.0
   51       1.0
   52       1.0
   53       1.0
   54       1.0
   55       1.0
   56       1.0
   57       1.0
   58       1.0
   59       1.0
   60       1.0
   61       1.0
   62       1.0
   63       1.0
   64       1.0
   65       1.0
   66       1.0
   67       1.0
   68       1.0
   69       1.0
   70       1.0
   71       1.0
   72       1.0
   73       1.0
   74       1.0
   75       1.0
   76       1.0
   77       1.0
   78       1.0
   79       1.0
   80       1.0
   81       1.0
   82       1.0
   83       1.0
   84       1.0
   85       1.0
   86       1.0
   87       1.0
   88       1.0
   89       1.0
   90       1.0
   91       7.6
   92       7.6
   93       7.6
   94       7.6
   95       7.6
   96       7.6
   97       7.6
   98       7.6
   99       1.0
  100       1.0
  101       1.0
  102       1.0
  103       1.0
  104       1.0
  105       1.0
  106       1.0
  107       1.0
  108       1.0
  109       7.6
  110       7.6
  111       7.6
  56    0   7.728802
  56    1   7.728802
  56    2   7.728802
  56    3   7.728802
  56    4   7.728802
  56    5   7.728802
  56    6   7.728802
  56    7   7.728802
  56    8   7.728802
  56    9   7.728802
  57    0   7.728802
  57    1   7.728802
  57    2   7.728802
  57    3   7.728802
  57    4   7.728802
  57    5   7.728802
  57    6   7.728802
  57    7   7.728802
  57    8   7.728802
  57    9   7.728802
  58    0   7.728802
  58    1   7.728802
  58    2   7.728802
  58    3   7.728802
  58    4   7.728802
  58    5   7.728802
  58    6   7.728802
  58    7   7.728802
  58    8   7.728802
  58    9   7.728802
  59    0   7.728802
  59    1   7.728802
  59    2   7.728802
  59    3   7.728802
  59    4   7.728802
  59    5   7.728802
  59    6   7.728802
  59    7   7.728802
  59    8   7.728802
  59    9   7.728802
  60    0   7.728802
  60    1   7.728802
  60    2   7.728802
  60    3   7.728802
  60    4   7.728802
  60    5   7.728802
  60    6   7.728802
  60    7   7.728802
  60    8   7.728802
  60    9   7.728802
  61    0   7.728802
  61    1   7.728802
  61    2   7.728802
  61    3   7.728802
  61    4   7.728802
  61    5   7.728802
  61    6   7.728802
  61    7   7.728802
  61    8   7.728802
  61    9   7.728802
  62    0   7.728802
  62    1   7.728802
  62    2   7.728802
  62    3   7.728802
  62    4   7.728802
  62    5   7.728802
  62    6   7.728802
  62    7   7.728802
  62    8   7.728802
  62    9   7.728802
  63    0   7.728802
  63    1   7.728802
  63    2   7.728802
  63    3   7.728802
  63    4   7.728802
  63    5   7.728802
  63    6   7.728802
  63    7   7.728802
  63    8   7.728802
  63    9   7.728802
  64    0   7.728802
  64    1   7.728802
  64    2   7.728802
  64    3   7.728802
  64    4   7.728802
  64    5   7.728802
  64    6   7.728802
  64    7   7.728802
  64    8   7.728802
  64    9   7.728802
  65    0   7.728802
  65    1   7.728802
  65    2   7.728802
  65    3   7.728802
  65    4   7.728802
  65    5   7.728802
  65    6   7.728802
  65    7   7.728802
  65    8   7.728802
  65    9   7.728802
  66    0   7.728802
  66    1   7.728802
  66    2   7.728802
  66    3   7.728802
  66    4   7.728802
  66    5   7.728802
  66    6   7.728802
  66    7   7.728802
  66    8   7.728802
  66    9   7.728802
  67    0   7.728802
  67    1   7.728802
  67    2   7.728802
  67    3   7.728802
  67    4   7.728802
  67    5   7.728802
  67    6   7.728802
  67    7   7.728802
  67    8   7.728802
  67    9   7.728802
  68    0   7.728802
  68    1   7.728802
  68    2   7.728802
  68    3   7.728802
  68    4   7.728802
  68    5   7.728802
  68    6   7.728802
  68    7   7.728802
  68    8   7.728802
  68    9   7.728802
  69    0   7.728802
  69    1   7.728802
  69    2   7.728802
  69    3   7.728802
  69    4   7.728802
  69    5   7.728802
  69    6   7.728802
  69    7   7.728802
  69    8   7.728802
  69    9   7.728802
  70    0   7.728802
  70    1   7.728802
  70    2   7.728802
  70    3   7.728802
  70    4   7.728802
  70    5   7.728802
  70    6   7.728802
  70    7   7.728802
  70    8   7.728802
  70    9   7.728802
  71    0   7.728802
  71    1   7.728802
  71    2   7.728802
  71    3   7.728802
  71    4   7.728802
  71    5   7.728802
  71    6   7.728802
  71    7   7.728802
  71    8   7.728802
  71    9   7.728802
  72    0   7.728802
  72    1   7.728802
  72    2   7.728802
  72    3   7.728802
  72    4   7.728802
  72    5   7.728802
  72    6   7.728802
  72    7   7.728802
  72    8   7.728802
  72    9   7.728802
  73    0   7.728802
  73    1   7.728802
  73    2   7.728802
  73    3   7.728802
  73    4   7.728802
  73    5   7.728802
  73    6   7.728802
  73    7   7.728802
  73    8   7.728802
  73    9   7.728802
  74    0   7.728802
  74    1   7.728802
  74    2   7.728802
  74    3   7.728802
  74    4   7.728802
  74    5   7.728802
  74    6   7.728802
  74    7   7.728802
  74    8   7.728802
  74    9   7.728802
  75    0   7.728802
  75    1   7.728802
  75    2   7.728802
  75    3   7.728802
  75    4   7.728802
  75    5   7.728802
  75    6   7.728802
  75    7   7.728802
  75    8   7.728802
  75    9   7.728802
  76    0   7.728802
  76    1   7.728802
  76    2   7.728802
  76    3   7.728802
  76    4   7.728802
  76    5   7.728802
  76    6   7.728802
  76    7   7.728802
  76    8   7.728802
  76    9   7.728802
  77    0   7.728802
  77    1   7.728802
  77    2   7.728802
  77    3   7.728802
  77    4   7.728802
  77    5   7.728802
  77    6   7.728802
  77    7   7.728802
  77    8   7.728802
  77    9   7.728802
  78    0   7.728802
  78    1   7.728802
  78    2   7.728802
  78    3   7.728802
  78    4   7.728802
  78    5   7.728802
  78    6   7.728802
  78    7   7.728802
  78    8   7.728802
  78    9   7.728802
  79    0   7.728802
  79    1   7.728802
  79    2   7.728802
  79    3   7.728802
  79    4   7.728802
  79    5   7.728802
  79    6   7.728802
  79    7   7.728802
  79    8   7.728802
  79    9   7.728802
  80    0   7.728802
  80    1   7.728802
  80    2   7.728802
  80    3   7.728802
  80    4   7.728802
  80    5   7.728802
  80    6   7.728802
  80    7   7.728802
  80    8   7.728802
  80    9   7.728802
  81    0   7.728802
  81    1   7.728802
  81    2   7.728802
  81    3   7.728802
  81    4   7.728802
  81    5   7.728802
  81    6   7.728802
  81    7   7.728802
  81    8   7.728802
  81    9   7.728802
  82    0   7.728802
  82    1   7.728802
  82    2   7.728802
  82    3   7.728802
  82    4   7.728802
  82    5   7.728802
  82    6   7.728802
  82    7   7.728802
  82    8   7.728802
  82    9   7.728802
  83    0   7.728802
  83    1   7.728802
  83    2   7.728802
  83    3   7.728802
  83    4   7.728802
  83    5   7.728802
  83    6   7.728802
  83    7   7.728802
  83    8   7.728802
  83    9   7.728802
