Energy (MeV/u)	0 - [He-base] F.Hubert et al, AD&ND Tables 46(1990)1	1 - [H -base] J.F.Ziegler et al, Pergamon Press, NY (low energy)	2 - ATIMA 1.2  LS-theory (recommended for high energy)	3 - ATIMA 1.2  without LS-correction	4 - electrical component of [1] - J.F.Ziegler et al	5 - nuclear component of [1] - J.F.Ziegler et al
250.000000	5.72294   	3.98643   	4.14958   	4.02415   	3.98545   	0.000980051
250.074906	5.72196   	3.98578   	4.14894   	4.02347   	3.9848    	0.000979785
250.149813	5.72099   	3.98513   	4.1483    	4.02278   	3.98416   	0.000979519
250.224719	5.72001   	3.98449   	4.14765   	4.0221    	3.98351   	0.000979254
250.299625	5.71904   	3.98384   	4.14701   	4.02142   	3.98286   	0.000978989
250.374532	5.71807   	3.98319   	4.14637   	4.02074   	3.98221   	0.000978723
250.449438	5.71709   	3.98254   	4.14573   	4.02006   	3.98156   	0.000978458
250.524345	5.71612   	3.9819    	4.14509   	4.01938   	3.98092   	0.000978194
250.599251	5.71515   	3.98125   	4.14444   	4.0187    	3.98027   	0.000977929
250.674157	5.71418   	3.9806    	4.1438    	4.01802   	3.97963   	0.000977664
250.749064	5.71321   	3.97996   	4.14316   	4.01734   	3.97898   	0.0009774 
250.823970	5.71224   	3.97931   	4.14252   	4.01667   	3.97834   	0.000977135
250.898876	5.71127   	3.97867   	4.14188   	4.01599   	3.97769   	0.000976871
250.973783	5.7103    	3.97802   	4.14124   	4.01531   	3.97705   	0.000976607
251.048689	5.70933   	3.97738   	4.14061   	4.01463   	3.9764    	0.000976343
251.123596	5.70836   	3.97673   	4.13997   	4.01396   	3.97576   	0.00097608
251.198502	5.7074    	3.97609   	4.13933   	4.01328   	3.97511   	0.000975816
251.273408	5.70643   	3.97545   	4.13869   	4.0126    	3.97447   	0.000975553
251.348315	5.70546   	3.9748    	4.13805   	4.01193   	3.97383   	0.00097529
251.423221	5.7045    	3.97416   	4.13742   	4.01125   	3.97319   	0.000975027
251.498127	5.70353   	3.97352   	4.13678   	4.01058   	3.97254   	0.000974764
251.573034	5.70257   	3.97288   	4.13614   	4.0099    	3.9719    	0.000974501
251.647940	5.7016    	3.97224   	4.13551   	4.00923   	3.97126   	0.000974238
251.722846	5.70064   	3.97159   	4.13487   	4.00856   	3.97062   	0.000973976
251.797753	5.69968   	3.97095   	4.13424   	4.00788   	3.96998   	0.000973713
251.872659	5.69872   	3.97031   	4.1336    	4.00721   	3.96934   	0.000973451
251.947566	5.69775   	3.96967   	4.13297   	4.00654   	3.9687    	0.000973189
252.022472	5.69679   	3.96903   	4.13233   	4.00586   	3.96806   	0.000972927
252.097378	5.69583   	3.96839   	4.1317    	4.00519   	3.96742   	0.000972665
252.172285	5.69487   	3.96776   	4.13107   	4.00452   	3.96678   	0.000972404
252.247191	5.69391   	3.96712   	4.13043   	4.00385   	3.96614   	0.000972142
252.322097	5.69295   	3.96648   	4.1298    	4.00318   	3.96551   	0.000971881
252.397004	5.69199   	3.96584   	4.12917   	4.00251   	3.96487   	0.00097162
252.471910	5.69104   	3.9652    	4.12854   	4.00184   	3.96423   	0.000971359
252.546816	5.69008   	3.96457   	4.1279    	4.00117   	3.96359   	0.000971098
252.621723	5.68912   	3.96393   	4.12727   	4.0005    	3.96296   	0.000970837
252.696629	5.68816   	3.96329   	4.12664   	3.99983   	3.96232   	0.000970577
252.771536	5.68721   	3.96266   	4.12601   	3.99916   	3.96169   	0.000970316
252.846442	5.68625   	3.96202   	4.12538   	3.9985    	3.96105   	0.000970056
252.921348	5.6853    	3.96138   	4.12475   	3.99783   	3.96041   	0.000969796
252.996255	5.68434   	3.96075   	4.12412   	3.99716   	3.95978   	0.000969536
253.071161	5.68339   	3.96011   	4.12349   	3.99649   	3.95915   	0.000969276
253.146067	5.68243   	3.95948   	4.12286   	3.99583   	3.95851   	0.000969016
253.220974	5.68148   	3.95885   	4.12223   	3.99516   	3.95788   	0.000968757
253.295880	5.68053   	3.95821   	4.12161   	3.9945    	3.95724   	0.000968497
253.370787	5.67958   	3.95758   	4.12098   	3.99383   	3.95661   	0.000968238
253.445693	5.67863   	3.95695   	4.12035   	3.99317   	3.95598   	0.000967979
253.520599	5.67768   	3.95631   	4.11972   	3.9925    	3.95535   	0.00096772
253.595506	5.67672   	3.95568   	4.1191    	3.99184   	3.95471   	0.000967461
253.670412	5.67578   	3.95505   	4.11847   	3.99117   	3.95408   	0.000967202
253.745318	5.67483   	3.95442   	4.11784   	3.99051   	3.95345   	0.000966944
253.820225	5.67388   	3.95379   	4.11722   	3.98985   	3.95282   	0.000966685
253.895131	5.67293   	3.95316   	4.11659   	3.98918   	3.95219   	0.000966427
253.970037	5.67198   	3.95253   	4.11597   	3.98852   	3.95156   	0.000966169
254.044944	5.67103   	3.9519    	4.11534   	3.98786   	3.95093   	0.000965911
254.119850	5.67009   	3.95127   	4.11472   	3.9872    	3.9503    	0.000965653
254.194757	5.66914   	3.95064   	4.1141    	3.98654   	3.94967   	0.000965395
254.269663	5.66819   	3.95001   	4.11347   	3.98588   	3.94904   	0.000965138
254.344569	5.66725   	3.94938   	4.11285   	3.98522   	3.94841   	0.00096488
254.419476	5.6663    	3.94875   	4.11223   	3.98455   	3.94778   	0.000964623
254.494382	5.66536   	3.94812   	4.1116    	3.9839    	3.94716   	0.000964366
254.569288	5.66442   	3.94749   	4.11098   	3.98324   	3.94653   	0.000964109
254.644195	5.66347   	3.94687   	4.11036   	3.98258   	3.9459    	0.000963852
254.719101	5.66253   	3.94624   	4.10974   	3.98192   	3.94528   	0.000963596
254.794007	5.66159   	3.94561   	4.10912   	3.98126   	3.94465   	0.000963339
254.868914	5.66065   	3.94499   	4.1085    	3.9806    	3.94402   	0.000963083
254.943820	5.65971   	3.94436   	4.10788   	3.97994   	3.9434    	0.000962826
255.018727	5.65877   	3.94373   	4.10725   	3.97929   	3.94277   	0.00096257
255.093633	5.65783   	3.94311   	4.10664   	3.97863   	3.94215   	0.000962314
255.168539	5.65689   	3.94248   	4.10602   	3.97797   	3.94152   	0.000962059
255.243446	5.65595   	3.94186   	4.1054    	3.97732   	3.9409    	0.000961803
255.318352	5.65501   	3.94124   	4.10478   	3.97666   	3.94027   	0.000961547
255.393258	5.65407   	3.94061   	4.10416   	3.97601   	3.93965   	0.000961292
255.468165	5.65313   	3.93999   	4.10354   	3.97535   	3.93903   	0.000961037
255.543071	5.6522    	3.93936   	4.10292   	3.9747    	3.9384    	0.000960782
255.617978	5.65126   	3.93874   	4.10231   	3.97404   	3.93778   	0.000960527
255.692884	5.65032   	3.93812   	4.10169   	3.97339   	3.93716   	0.000960272
255.767790	5.64939   	3.9375    	4.10107   	3.97274   	3.93654   	0.000960017
255.842697	5.64845   	3.93687   	4.10046   	3.97208   	3.93591   	0.000959763
255.917603	5.64752   	3.93625   	4.09984   	3.97143   	3.93529   	0.000959508
255.992509	5.64658   	3.93563   	4.09922   	3.97078   	3.93467   	0.000959254
256.067416	5.64565   	3.93501   	4.09861   	3.97013   	3.93405   	0.000959  
256.142322	5.64472   	3.93439   	4.09799   	3.96948   	3.93343   	0.000958746
256.217228	5.64379   	3.93377   	4.09738   	3.96882   	3.93281   	0.000958492
256.292135	5.64285   	3.93315   	4.09677   	3.96817   	3.93219   	0.000958238
256.367041	5.64192   	3.93253   	4.09615   	3.96752   	3.93157   	0.000957985
256.441948	5.64099   	3.93191   	4.09554   	3.96687   	3.93095   	0.000957731
256.516854	5.64006   	3.93129   	4.09492   	3.96622   	3.93034   	0.000957478
256.591760	5.63913   	3.93067   	4.09431   	3.96557   	3.92972   	0.000957225
256.666667	5.6382    	3.93006   	4.0937    	3.96492   	3.9291    	0.000956972
256.741573	5.63727   	3.92944   	4.09309   	3.96428   	3.92848   	0.000956719
256.816479	5.63634   	3.92882   	4.09247   	3.96363   	3.92786   	0.000956466
256.891386	5.63542   	3.9282    	4.09186   	3.96298   	3.92725   	0.000956214
256.966292	5.63449   	3.92759   	4.09125   	3.96233   	3.92663   	0.000955961
257.041199	5.63356   	3.92697   	4.09064   	3.96169   	3.92602   	0.000955709
257.116105	5.63264   	3.92635   	4.09003   	3.96104   	3.9254    	0.000955457
257.191011	5.63171   	3.92574   	4.08942   	3.96039   	3.92478   	0.000955205
257.265918	5.63078   	3.92512   	4.08881   	3.95975   	3.92417   	0.000954953
257.340824	5.62986   	3.92451   	4.0882    	3.9591    	3.92355   	0.000954701
257.415730	5.62893   	3.92389   	4.08759   	3.95845   	3.92294   	0.00095445
257.490637	5.62801   	3.92328   	4.08698   	3.95781   	3.92233   	0.000954198
257.565543	5.62709   	3.92267   	4.08637   	3.95717   	3.92171   	0.000953947
257.640449	5.62616   	3.92205   	4.08577   	3.95652   	3.9211    	0.000953696
257.715356	5.62524   	3.92144   	4.08516   	3.95588   	3.92048   	0.000953445
257.790262	5.62432   	3.92083   	4.08455   	3.95523   	3.91987   	0.000953194
257.865169	5.6234    	3.92021   	4.08394   	3.95459   	3.91926   	0.000952943
257.940075	5.62248   	3.9196    	4.08334   	3.95395   	3.91865   	0.000952692
258.014981	5.62156   	3.91899   	4.08273   	3.9533    	3.91804   	0.000952442
258.089888	5.62064   	3.91838   	4.08212   	3.95266   	3.91742   	0.000952192
258.164794	5.61972   	3.91776   	4.08152   	3.95202   	3.91681   	0.000951941
258.239700	5.6188    	3.91715   	4.08091   	3.95138   	3.9162    	0.000951691
258.314607	5.61788   	3.91654   	4.08031   	3.95074   	3.91559   	0.000951441
258.389513	5.61696   	3.91593   	4.0797    	3.9501    	3.91498   	0.000951191
258.464419	5.61604   	3.91532   	4.0791    	3.94946   	3.91437   	0.000950942
258.539326	5.61513   	3.91471   	4.07849   	3.94882   	3.91376   	0.000950692
258.614232	5.61421   	3.9141    	4.07789   	3.94818   	3.91315   	0.000950443
258.689139	5.61329   	3.91349   	4.07728   	3.94754   	3.91254   	0.000950194
258.764045	5.61238   	3.91289   	4.07668   	3.9469    	3.91194   	0.000949945
258.838951	5.61146   	3.91228   	4.07608   	3.94626   	3.91133   	0.000949696
258.913858	5.61055   	3.91167   	4.07548   	3.94562   	3.91072   	0.000949447
258.988764	5.60963   	3.91106   	4.07487   	3.94499   	3.91011   	0.000949198
259.063670	5.60872   	3.91045   	4.07427   	3.94435   	3.90951   	0.000948949
259.138577	5.60781   	3.90985   	4.07367   	3.94371   	3.9089    	0.000948701
259.213483	5.6069    	3.90924   	4.07307   	3.94307   	3.90829   	0.000948453
259.288390	5.60598   	3.90863   	4.07247   	3.94244   	3.90769   	0.000948204
259.363296	5.60507   	3.90803   	4.07187   	3.9418    	3.90708   	0.000947956
259.438202	5.60416   	3.90742   	4.07127   	3.94117   	3.90647   	0.000947709
259.513109	5.60325   	3.90682   	4.07067   	3.94053   	3.90587   	0.000947461
259.588015	5.60234   	3.90621   	4.07007   	3.93989   	3.90526   	0.000947213
259.662921	5.60143   	3.90561   	4.06947   	3.93926   	3.90466   	0.000946966
259.737828	5.60052   	3.905     	4.06887   	3.93863   	3.90406   	0.000946718
259.812734	5.59961   	3.9044    	4.06827   	3.93799   	3.90345   	0.000946471
259.887640	5.5987    	3.90379   	4.06767   	3.93736   	3.90285   	0.000946224
259.962547	5.5978    	3.90319   	4.06707   	3.93673   	3.90225   	0.000945977
260.037453	5.59689   	3.90259   	4.06647   	3.93609   	3.90164   	0.00094573
260.112360	5.59598   	3.90199   	4.06588   	3.93546   	3.90104   	0.000945484
260.187266	5.59508   	3.90138   	4.06528   	3.93483   	3.90044   	0.000945237
260.262172	5.59417   	3.90078   	4.06468   	3.9342    	3.89984   	0.000944991
260.337079	5.59326   	3.90018   	4.06409   	3.93356   	3.89923   	0.000944744
260.411985	5.59236   	3.89958   	4.06349   	3.93293   	3.89863   	0.000944498
260.486891	5.59146   	3.89898   	4.06289   	3.9323    	3.89803   	0.000944252
260.561798	5.59055   	3.89838   	4.0623    	3.93167   	3.89743   	0.000944006
260.636704	5.58965   	3.89777   	4.0617    	3.93104   	3.89683   	0.000943761
260.711610	5.58874   	3.89717   	4.06111   	3.93041   	3.89623   	0.000943515
260.786517	5.58784   	3.89657   	4.06051   	3.92978   	3.89563   	0.00094327
260.861423	5.58694   	3.89597   	4.05992   	3.92915   	3.89503   	0.000943024
260.936330	5.58604   	3.89538   	4.05933   	3.92852   	3.89443   	0.000942779
261.011236	5.58514   	3.89478   	4.05873   	3.9279    	3.89383   	0.000942534
261.086142	5.58424   	3.89418   	4.05814   	3.92727   	3.89324   	0.000942289
261.161049	5.58334   	3.89358   	4.05755   	3.92664   	3.89264   	0.000942044
261.235955	5.58244   	3.89298   	4.05695   	3.92601   	3.89204   	0.0009418 
261.310861	5.58154   	3.89238   	4.05636   	3.92539   	3.89144   	0.000941555
261.385768	5.58064   	3.89179   	4.05577   	3.92476   	3.89085   	0.000941311
261.460674	5.57974   	3.89119   	4.05518   	3.92413   	3.89025   	0.000941066
261.535581	5.57884   	3.89059   	4.05459   	3.92351   	3.88965   	0.000940822
261.610487	5.57795   	3.89      	4.054     	3.92288   	3.88906   	0.000940578
261.685393	5.57705   	3.8894    	4.0534    	3.92226   	3.88846   	0.000940334
261.760300	5.57615   	3.88881   	4.05281   	3.92163   	3.88787   	0.000940091
261.835206	5.57526   	3.88821   	4.05222   	3.92101   	3.88727   	0.000939847
261.910112	5.57436   	3.88762   	4.05163   	3.92038   	3.88668   	0.000939603
261.985019	5.57347   	3.88702   	4.05105   	3.91976   	3.88608   	0.00093936
262.059925	5.57257   	3.88643   	4.05046   	3.91914   	3.88549   	0.000939117
262.134831	5.57168   	3.88583   	4.04987   	3.91851   	3.88489   	0.000938874
262.209738	5.57079   	3.88524   	4.04928   	3.91789   	3.8843    	0.000938631
262.284644	5.56989   	3.88464   	4.04869   	3.91727   	3.88371   	0.000938388
262.359551	5.569     	3.88405   	4.0481    	3.91664   	3.88311   	0.000938145
262.434457	5.56811   	3.88346   	4.04752   	3.91602   	3.88252   	0.000937903
262.509363	5.56722   	3.88287   	4.04693   	3.9154    	3.88193   	0.00093766
262.584270	5.56633   	3.88227   	4.04634   	3.91478   	3.88134   	0.000937418
262.659176	5.56544   	3.88168   	4.04575   	3.91416   	3.88075   	0.000937176
262.734082	5.56455   	3.88109   	4.04517   	3.91354   	3.88015   	0.000936934
262.808989	5.56366   	3.8805    	4.04458   	3.91292   	3.87956   	0.000936692
262.883895	5.56277   	3.87991   	4.044     	3.9123    	3.87897   	0.00093645
262.958801	5.56188   	3.87932   	4.04341   	3.91168   	3.87838   	0.000936209
263.033708	5.56099   	3.87873   	4.04283   	3.91106   	3.87779   	0.000935967
263.108614	5.5601    	3.87814   	4.04224   	3.91044   	3.8772    	0.000935726
263.183521	5.55921   	3.87755   	4.04166   	3.90982   	3.87661   	0.000935484
263.258427	5.55833   	3.87696   	4.04107   	3.90921   	3.87602   	0.000935243
263.333333	5.55744   	3.87637   	4.04049   	3.90859   	3.87544   	0.000935002
263.408240	5.55656   	3.87578   	4.03991   	3.90797   	3.87485   	0.000934761
263.483146	5.55567   	3.87519   	4.03932   	3.90735   	3.87426   	0.000934521
263.558052	5.55478   	3.87461   	4.03874   	3.90674   	3.87367   	0.00093428
263.632959	5.5539    	3.87402   	4.03816   	3.90612   	3.87308   	0.00093404
263.707865	5.55302   	3.87343   	4.03757   	3.9055    	3.8725    	0.000933799
263.782772	5.55213   	3.87284   	4.03699   	3.90489   	3.87191   	0.000933559
263.857678	5.55125   	3.87226   	4.03641   	3.90427   	3.87132   	0.000933319
263.932584	5.55037   	3.87167   	4.03583   	3.90366   	3.87074   	0.000933079
264.007491	5.54948   	3.87108   	4.03525   	3.90304   	3.87015   	0.000932839
264.082397	5.5486    	3.8705    	4.03467   	3.90243   	3.86957   	0.000932599
264.157303	5.54772   	3.86991   	4.03409   	3.90181   	3.86898   	0.00093236
264.232210	5.54684   	3.86933   	4.03351   	3.9012    	3.8684    	0.00093212
264.307116	5.54596   	3.86874   	4.03293   	3.90059   	3.86781   	0.000931881
264.382022	5.54508   	3.86816   	4.03235   	3.89997   	3.86723   	0.000931642
264.456929	5.5442    	3.86757   	4.03177   	3.89936   	3.86664   	0.000931403
264.531835	5.54332   	3.86699   	4.03119   	3.89875   	3.86606   	0.000931164
264.606742	5.54244   	3.86641   	4.03061   	3.89814   	3.86548   	0.000930925
264.681648	5.54157   	3.86582   	4.03003   	3.89753   	3.86489   	0.000930687
264.756554	5.54069   	3.86524   	4.02946   	3.89691   	3.86431   	0.000930448
264.831461	5.53981   	3.86466   	4.02888   	3.8963    	3.86373   	0.00093021
264.906367	5.53893   	3.86407   	4.0283    	3.89569   	3.86314   	0.000929971
264.981273	5.53806   	3.86349   	4.02772   	3.89508   	3.86256   	0.000929733
265.056180	5.53718   	3.86291   	4.02715   	3.89447   	3.86198   	0.000929495
265.131086	5.53631   	3.86233   	4.02657   	3.89386   	3.8614    	0.000929257
265.205993	5.53543   	3.86175   	4.026     	3.89325   	3.86082   	0.000929019
265.280899	5.53456   	3.86117   	4.02542   	3.89264   	3.86024   	0.000928782
265.355805	5.53368   	3.86059   	4.02484   	3.89204   	3.85966   	0.000928544
265.430712	5.53281   	3.86001   	4.02427   	3.89143   	3.85908   	0.000928307
265.505618	5.53194   	3.85943   	4.0237    	3.89082   	3.8585    	0.00092807
265.580524	5.53107   	3.85885   	4.02312   	3.89021   	3.85792   	0.000927833
265.655431	5.53019   	3.85827   	4.02255   	3.8896    	3.85734   	0.000927596
265.730337	5.52932   	3.85769   	4.02197   	3.889     	3.85676   	0.000927359
265.805243	5.52845   	3.85711   	4.0214    	3.88839   	3.85618   	0.000927122
265.880150	5.52758   	3.85653   	4.02083   	3.88778   	3.85561   	0.000926885
265.955056	5.52671   	3.85595   	4.02025   	3.88718   	3.85503   	0.000926649
266.029963	5.52584   	3.85538   	4.01968   	3.88657   	3.85445   	0.000926412
266.104869	5.52497   	3.8548    	4.01911   	3.88597   	3.85387   	0.000926176
266.179775	5.5241    	3.85422   	4.01854   	3.88536   	3.8533    	0.00092594
266.254682	5.52323   	3.85364   	4.01796   	3.88476   	3.85272   	0.000925704
266.329588	5.52237   	3.85307   	4.01739   	3.88415   	3.85214   	0.000925468
266.404494	5.5215    	3.85249   	4.01682   	3.88355   	3.85157   	0.000925232
266.479401	5.52063   	3.85192   	4.01625   	3.88295   	3.85099   	0.000924997
266.554307	5.51976   	3.85134   	4.01568   	3.88234   	3.85042   	0.000924761
266.629213	5.5189    	3.85077   	4.01511   	3.88174   	3.84984   	0.000924526
266.704120	5.51803   	3.85019   	4.01454   	3.88114   	3.84927   	0.000924291
266.779026	5.51717   	3.84962   	4.01397   	3.88053   	3.84869   	0.000924056
266.853933	5.5163    	3.84904   	4.0134    	3.87993   	3.84812   	0.000923821
266.928839	5.51544   	3.84847   	4.01283   	3.87933   	3.84754   	0.000923586
267.003745	5.51457   	3.84789   	4.01226   	3.87873   	3.84697   	0.000923351
267.078652	5.51371   	3.84732   	4.0117    	3.87813   	3.8464    	0.000923116
267.153558	5.51285   	3.84675   	4.01113   	3.87753   	3.84582   	0.000922882
267.228464	5.51198   	3.84617   	4.01056   	3.87693   	3.84525   	0.000922647
267.303371	5.51112   	3.8456    	4.00999   	3.87633   	3.84468   	0.000922413
267.378277	5.51026   	3.84503   	4.00943   	3.87573   	3.84411   	0.000922179
267.453184	5.5094    	3.84446   	4.00886   	3.87513   	3.84354   	0.000921945
267.528090	5.50854   	3.84389   	4.00829   	3.87453   	3.84296   	0.000921711
267.602996	5.50768   	3.84331   	4.00773   	3.87393   	3.84239   	0.000921477
267.677903	5.50682   	3.84274   	4.00716   	3.87333   	3.84182   	0.000921244
267.752809	5.50596   	3.84217   	4.0066    	3.87273   	3.84125   	0.00092101
267.827715	5.5051    	3.8416    	4.00603   	3.87213   	3.84068   	0.000920777
267.902622	5.50424   	3.84103   	4.00546   	3.87154   	3.84011   	0.000920544
267.977528	5.50338   	3.84046   	4.0049    	3.87094   	3.83954   	0.000920311
268.052434	5.50253   	3.83989   	4.00434   	3.87034   	3.83897   	0.000920078
268.127341	5.50167   	3.83932   	4.00377   	3.86975   	3.8384    	0.000919845
268.202247	5.50081   	3.83875   	4.00321   	3.86915   	3.83783   	0.000919612
268.277154	5.49996   	3.83819   	4.00264   	3.86855   	3.83727   	0.000919379
268.352060	5.4991    	3.83762   	4.00208   	3.86796   	3.8367    	0.000919147
268.426966	5.49824   	3.83705   	4.00152   	3.86736   	3.83613   	0.000918914
268.501873	5.49739   	3.83648   	4.00096   	3.86677   	3.83556   	0.000918682
268.576779	5.49654   	3.83591   	4.00039   	3.86617   	3.835     	0.00091845
268.651685	5.49568   	3.83535   	3.99983   	3.86558   	3.83443   	0.000918218
268.726592	5.49483   	3.83478   	3.99927   	3.86499   	3.83386   	0.000917986
268.801498	5.49397   	3.83421   	3.99871   	3.86439   	3.8333    	0.000917754
268.876404	5.49312   	3.83365   	3.99815   	3.8638    	3.83273   	0.000917523
268.951311	5.49227   	3.83308   	3.99759   	3.86321   	3.83216   	0.000917291
269.026217	5.49142   	3.83252   	3.99703   	3.86261   	3.8316    	0.00091706
269.101124	5.49057   	3.83195   	3.99647   	3.86202   	3.83103   	0.000916828
269.176030	5.48971   	3.83139   	3.99591   	3.86143   	3.83047   	0.000916597
269.250936	5.48886   	3.83082   	3.99535   	3.86084   	3.8299    	0.000916366
269.325843	5.48801   	3.83026   	3.99479   	3.86025   	3.82934   	0.000916135
269.400749	5.48716   	3.82969   	3.99423   	3.85965   	3.82878   	0.000915905
269.475655	5.48632   	3.82913   	3.99367   	3.85906   	3.82821   	0.000915674
269.550562	5.48547   	3.82857   	3.99311   	3.85847   	3.82765   	0.000915443
269.625468	5.48462   	3.828     	3.99255   	3.85788   	3.82709   	0.000915213
269.700375	5.48377   	3.82744   	3.992     	3.85729   	3.82652   	0.000914983
269.775281	5.48292   	3.82688   	3.99144   	3.8567    	3.82596   	0.000914752
269.850187	5.48208   	3.82631   	3.99088   	3.85611   	3.8254    	0.000914522
269.925094	5.48123   	3.82575   	3.99032   	3.85553   	3.82484   	0.000914292
270.000000	5.48038   	3.82519   	3.98977   	3.85494   	3.82428   	0.000914063
270.074906	5.47954   	3.82463   	3.98921   	3.85435   	3.82371   	0.000913833
270.149813	5.47869   	3.82407   	3.98865   	3.85376   	3.82315   	0.000913603
270.224719	5.47785   	3.82351   	3.9881    	3.85317   	3.82259   	0.000913374
270.299625	5.477     	3.82295   	3.98754   	3.85259   	3.82203   	0.000913144
270.374532	5.47616   	3.82239   	3.98699   	3.852     	3.82147   	0.000912915
270.449438	5.47531   	3.82183   	3.98643   	3.85141   	3.82091   	0.000912686
270.524345	5.47447   	3.82127   	3.98588   	3.85083   	3.82035   	0.000912457
270.599251	5.47363   	3.82071   	3.98532   	3.85024   	3.81979   	0.000912228
270.674157	5.47279   	3.82015   	3.98477   	3.84965   	3.81924   	0.000911999
270.749064	5.47194   	3.81959   	3.98422   	3.84907   	3.81868   	0.000911771
270.823970	5.4711    	3.81903   	3.98366   	3.84848   	3.81812   	0.000911542
270.898876	5.47026   	3.81847   	3.98311   	3.8479    	3.81756   	0.000911314
270.973783	5.46942   	3.81791   	3.98256   	3.84731   	3.817     	0.000911086
271.048689	5.46858   	3.81736   	3.98201   	3.84673   	3.81645   	0.000910858
271.123596	5.46774   	3.8168    	3.98145   	3.84615   	3.81589   	0.00091063
271.198502	5.4669    	3.81624   	3.9809    	3.84556   	3.81533   	0.000910402
271.273408	5.46606   	3.81568   	3.98035   	3.84498   	3.81477   	0.000910174
271.348315	5.46522   	3.81513   	3.9798    	3.8444    	3.81422   	0.000909946
271.423221	5.46439   	3.81457   	3.97925   	3.84381   	3.81366   	0.000909719
271.498127	5.46355   	3.81402   	3.9787    	3.84323   	3.81311   	0.000909491
271.573034	5.46271   	3.81346   	3.97815   	3.84265   	3.81255   	0.000909264
271.647940	5.46188   	3.81291   	3.9776    	3.84207   	3.812     	0.000909037
271.722846	5.46104   	3.81235   	3.97705   	3.84149   	3.81144   	0.00090881
271.797753	5.4602    	3.8118    	3.9765    	3.8409    	3.81089   	0.000908583
271.872659	5.45937   	3.81124   	3.97595   	3.84032   	3.81033   	0.000908356
271.947566	5.45853   	3.81069   	3.9754    	3.83974   	3.80978   	0.000908129
272.022472	5.4577    	3.81013   	3.97485   	3.83916   	3.80922   	0.000907902
272.097378	5.45686   	3.80958   	3.9743    	3.83858   	3.80867   	0.000907676
272.172285	5.45603   	3.80903   	3.97375   	3.838     	3.80812   	0.00090745
272.247191	5.4552    	3.80847   	3.97321   	3.83742   	3.80757   	0.000907223
272.322097	5.45436   	3.80792   	3.97266   	3.83685   	3.80701   	0.000906997
272.397004	5.45353   	3.80737   	3.97211   	3.83627   	3.80646   	0.000906771
272.471910	5.4527    	3.80682   	3.97156   	3.83569   	3.80591   	0.000906545
272.546816	5.45187   	3.80626   	3.97102   	3.83511   	3.80536   	0.00090632
272.621723	5.45104   	3.80571   	3.97047   	3.83453   	3.80481   	0.000906094
272.696629	5.45021   	3.80516   	3.96992   	3.83396   	3.80425   	0.000905868
272.771536	5.44938   	3.80461   	3.96938   	3.83338   	3.8037    	0.000905643
272.846442	5.44855   	3.80406   	3.96883   	3.8328    	3.80315   	0.000905418
272.921348	5.44772   	3.80351   	3.96829   	3.83223   	3.8026    	0.000905192
272.996255	5.44689   	3.80296   	3.96774   	3.83165   	3.80205   	0.000904967
273.071161	5.44606   	3.80241   	3.9672    	3.83107   	3.8015    	0.000904742
273.146067	5.44523   	3.80186   	3.96665   	3.8305    	3.80095   	0.000904518
273.220974	5.4444    	3.80131   	3.96611   	3.82992   	3.80041   	0.000904293
273.295880	5.44358   	3.80076   	3.96556   	3.82935   	3.79986   	0.000904068
273.370787	5.44275   	3.80021   	3.96502   	3.82877   	3.79931   	0.000903844
273.445693	5.44192   	3.79966   	3.96448   	3.8282    	3.79876   	0.000903619
273.520599	5.4411    	3.79912   	3.96393   	3.82762   	3.79821   	0.000903395
273.595506	5.44027   	3.79857   	3.96339   	3.82705   	3.79766   	0.000903171
273.670412	5.43945   	3.79802   	3.96285   	3.82648   	3.79712   	0.000902947
273.745318	5.43862   	3.79747   	3.96231   	3.8259    	3.79657   	0.000902723
273.820225	5.4378    	3.79693   	3.96177   	3.82533   	3.79602   	0.000902499
273.895131	5.43697   	3.79638   	3.96122   	3.82476   	3.79548   	0.000902276
273.970037	5.43615   	3.79583   	3.96068   	3.82419   	3.79493   	0.000902052
274.044944	5.43533   	3.79529   	3.96014   	3.82362   	3.79438   	0.000901829
274.119850	5.4345    	3.79474   	3.9596    	3.82304   	3.79384   	0.000901605
274.194757	5.43368   	3.79419   	3.95906   	3.82247   	3.79329   	0.000901382
274.269663	5.43286   	3.79365   	3.95852   	3.8219    	3.79275   	0.000901159
274.344569	5.43204   	3.7931    	3.95798   	3.82133   	3.7922    	0.000900936
274.419476	5.43122   	3.79256   	3.95744   	3.82076   	3.79166   	0.000900713
274.494382	5.4304    	3.79202   	3.9569    	3.82019   	3.79111   	0.00090049
274.569288	5.42958   	3.79147   	3.95636   	3.81962   	3.79057   	0.000900268
274.644195	5.42876   	3.79093   	3.95582   	3.81905   	3.79003   	0.000900045
274.719101	5.42794   	3.79038   	3.95528   	3.81848   	3.78948   	0.000899823
274.794007	5.42712   	3.78984   	3.95474   	3.81791   	3.78894   	0.000899601
274.868914	5.4263    	3.7893    	3.95421   	3.81734   	3.7884    	0.000899378
274.943820	5.42548   	3.78875   	3.95367   	3.81678   	3.78786   	0.000899156
275.018727	5.42466   	3.78821   	3.95313   	3.81621   	3.78731   	0.000898934
275.093633	5.42385   	3.78767   	3.95259   	3.81564   	3.78677   	0.000898713
275.168539	5.42303   	3.78713   	3.95206   	3.81507   	3.78623   	0.000898491
275.243446	5.42221   	3.78659   	3.95152   	3.81451   	3.78569   	0.000898269
275.318352	5.4214    	3.78604   	3.95098   	3.81394   	3.78515   	0.000898048
275.393258	5.42058   	3.7855    	3.95045   	3.81337   	3.78461   	0.000897827
275.468165	5.41976   	3.78496   	3.94991   	3.81281   	3.78406   	0.000897605
275.543071	5.41895   	3.78442   	3.94938   	3.81224   	3.78352   	0.000897384
275.617978	5.41814   	3.78388   	3.94884   	3.81168   	3.78298   	0.000897163
275.692884	5.41732   	3.78334   	3.94831   	3.81111   	3.78244   	0.000896942
275.767790	5.41651   	3.7828    	3.94777   	3.81055   	3.78191   	0.000896721
275.842697	5.41569   	3.78226   	3.94724   	3.80998   	3.78137   	0.000896501
275.917603	5.41488   	3.78172   	3.9467    	3.80942   	3.78083   	0.00089628
275.992509	5.41407   	3.78118   	3.94617   	3.80885   	3.78029   	0.00089606
276.067416	5.41326   	3.78065   	3.94563   	3.80829   	3.77975   	0.000895839
276.142322	5.41245   	3.78011   	3.9451    	3.80772   	3.77921   	0.000895619
276.217228	5.41163   	3.77957   	3.94457   	3.80716   	3.77867   	0.000895399
276.292135	5.41082   	3.77903   	3.94403   	3.8066    	3.77814   	0.000895179
276.367041	5.41001   	3.77849   	3.9435    	3.80604   	3.7776    	0.000894959
276.441948	5.4092    	3.77796   	3.94297   	3.80547   	3.77706   	0.000894739
276.516854	5.40839   	3.77742   	3.94244   	3.80491   	3.77653   	0.00089452
276.591760	5.40758   	3.77688   	3.9419    	3.80435   	3.77599   	0.0008943 
276.666667	5.40678   	3.77635   	3.94137   	3.80379   	3.77545   	0.000894081
276.741573	5.40597   	3.77581   	3.94084   	3.80323   	3.77492   	0.000893861
276.816479	5.40516   	3.77528   	3.94031   	3.80267   	3.77438   	0.000893642
276.891386	5.40435   	3.77474   	3.93978   	3.80211   	3.77385   	0.000893423
276.966292	5.40355   	3.7742    	3.93925   	3.80155   	3.77331   	0.000893204
277.041199	5.40274   	3.77367   	3.93872   	3.80099   	3.77278   	0.000892985
277.116105	5.40193   	3.77313   	3.93819   	3.80043   	3.77224   	0.000892766
277.191011	5.40113   	3.7726    	3.93766   	3.79987   	3.77171   	0.000892548
277.265918	5.40032   	3.77207   	3.93713   	3.79931   	3.77117   	0.000892329
277.340824	5.39952   	3.77153   	3.9366    	3.79875   	3.77064   	0.000892111
277.415730	5.39871   	3.771     	3.93607   	3.79819   	3.77011   	0.000891892
277.490637	5.39791   	3.77047   	3.93554   	3.79763   	3.76957   	0.000891674
277.565543	5.3971    	3.76993   	3.93501   	3.79707   	3.76904   	0.000891456
277.640449	5.3963    	3.7694    	3.93448   	3.79652   	3.76851   	0.000891238
277.715356	5.3955    	3.76887   	3.93396   	3.79596   	3.76798   	0.00089102
277.790262	5.39469   	3.76833   	3.93343   	3.7954    	3.76744   	0.000890803
277.865169	5.39389   	3.7678    	3.9329    	3.79485   	3.76691   	0.000890585
277.940075	5.39309   	3.76727   	3.93237   	3.79429   	3.76638   	0.000890367
278.014981	5.39229   	3.76674   	3.93185   	3.79373   	3.76585   	0.00089015
278.089888	5.39149   	3.76621   	3.93132   	3.79318   	3.76532   	0.000889933
278.164794	5.39069   	3.76568   	3.93079   	3.79262   	3.76479   	0.000889715
278.239700	5.38989   	3.76515   	3.93027   	3.79207   	3.76426   	0.000889498
278.314607	5.38909   	3.76462   	3.92974   	3.79151   	3.76373   	0.000889281
278.389513	5.38829   	3.76409   	3.92922   	3.79096   	3.7632    	0.000889065
278.464419	5.38749   	3.76356   	3.92869   	3.7904    	3.76267   	0.000888848
278.539326	5.38669   	3.76303   	3.92817   	3.78985   	3.76214   	0.000888631
278.614232	5.38589   	3.7625    	3.92764   	3.7893    	3.76161   	0.000888415
278.689139	5.38509   	3.76197   	3.92712   	3.78874   	3.76108   	0.000888198
278.764045	5.3843    	3.76144   	3.92659   	3.78819   	3.76055   	0.000887982
278.838951	5.3835    	3.76091   	3.92607   	3.78764   	3.76002   	0.000887766
278.913858	5.3827    	3.76038   	3.92554   	3.78708   	3.7595    	0.00088755
278.988764	5.38191   	3.75986   	3.92502   	3.78653   	3.75897   	0.000887334
279.063670	5.38111   	3.75933   	3.9245    	3.78598   	3.75844   	0.000887118
279.138577	5.38032   	3.7588    	3.92397   	3.78543   	3.75791   	0.000886902
279.213483	5.37952   	3.75827   	3.92345   	3.78487   	3.75739   	0.000886686
279.288390	5.37873   	3.75775   	3.92293   	3.78432   	3.75686   	0.000886471
279.363296	5.37793   	3.75722   	3.9224    	3.78377   	3.75633   	0.000886255
279.438202	5.37714   	3.75669   	3.92188   	3.78322   	3.75581   	0.00088604
279.513109	5.37634   	3.75617   	3.92136   	3.78267   	3.75528   	0.000885825
279.588015	5.37555   	3.75564   	3.92084   	3.78212   	3.75476   	0.00088561
279.662921	5.37476   	3.75512   	3.92032   	3.78157   	3.75423   	0.000885395
279.737828	5.37397   	3.75459   	3.9198    	3.78102   	3.75371   	0.00088518
279.812734	5.37317   	3.75407   	3.91928   	3.78047   	3.75318   	0.000884965
279.887640	5.37238   	3.75354   	3.91875   	3.77992   	3.75266   	0.00088475
279.962547	5.37159   	3.75302   	3.91823   	3.77938   	3.75213   	0.000884536
280.037453	5.3708    	3.75249   	3.91771   	3.77883   	3.75161   	0.000884321
280.112360	5.37001   	3.75197   	3.91719   	3.77828   	3.75108   	0.000884107
280.187266	5.36922   	3.75144   	3.91667   	3.77773   	3.75056   	0.000883893
280.262172	5.36843   	3.75092   	3.91615   	3.77718   	3.75004   	0.000883679
280.337079	5.36764   	3.7504    	3.91564   	3.77664   	3.74951   	0.000883465
280.411985	5.36685   	3.74988   	3.91512   	3.77609   	3.74899   	0.000883251
280.486891	5.36607   	3.74935   	3.9146    	3.77554   	3.74847   	0.000883037
280.561798	5.36528   	3.74883   	3.91408   	3.775     	3.74795   	0.000882823
280.636704	5.36449   	3.74831   	3.91356   	3.77445   	3.74743   	0.00088261
280.711610	5.3637    	3.74779   	3.91304   	3.7739    	3.7469    	0.000882396
280.786517	5.36292   	3.74727   	3.91252   	3.77336   	3.74638   	0.000882183
280.861423	5.36213   	3.74674   	3.91201   	3.77281   	3.74586   	0.000881969
280.936330	5.36134   	3.74622   	3.91149   	3.77227   	3.74534   	0.000881756
281.011236	5.36056   	3.7457    	3.91097   	3.77172   	3.74482   	0.000881543
281.086142	5.35977   	3.74518   	3.91046   	3.77118   	3.7443    	0.00088133
281.161049	5.35899   	3.74466   	3.90994   	3.77064   	3.74378   	0.000881117
281.235955	5.3582    	3.74414   	3.90942   	3.77009   	3.74326   	0.000880905
281.310861	5.35742   	3.74362   	3.90891   	3.76955   	3.74274   	0.000880692
281.385768	5.35664   	3.7431    	3.90839   	3.76901   	3.74222   	0.00088048
281.460674	5.35585   	3.74258   	3.90788   	3.76846   	3.7417    	0.000880267
281.535581	5.35507   	3.74206   	3.90736   	3.76792   	3.74118   	0.000880055
281.610487	5.35429   	3.74155   	3.90685   	3.76738   	3.74067   	0.000879843
281.685393	5.35351   	3.74103   	3.90633   	3.76684   	3.74015   	0.000879631
281.760300	5.35272   	3.74051   	3.90582   	3.76629   	3.73963   	0.000879419
281.835206	5.35194   	3.73999   	3.9053    	3.76575   	3.73911   	0.000879207
281.910112	5.35116   	3.73947   	3.90479   	3.76521   	3.73859   	0.000878995
281.985019	5.35038   	3.73896   	3.90427   	3.76467   	3.73808   	0.000878783
282.059925	5.3496    	3.73844   	3.90376   	3.76413   	3.73756   	0.000878572
282.134831	5.34882   	3.73792   	3.90325   	3.76359   	3.73704   	0.00087836
282.209738	5.34804   	3.73741   	3.90273   	3.76305   	3.73653   	0.000878149
282.284644	5.34726   	3.73689   	3.90222   	3.76251   	3.73601   	0.000877938
282.359551	5.34648   	3.73637   	3.90171   	3.76197   	3.7355    	0.000877727
282.434457	5.34571   	3.73586   	3.9012    	3.76143   	3.73498   	0.000877516
282.509363	5.34493   	3.73534   	3.90068   	3.76089   	3.73447   	0.000877305
282.584270	5.34415   	3.73483   	3.90017   	3.76035   	3.73395   	0.000877094
282.659176	5.34337   	3.73431   	3.89966   	3.75981   	3.73344   	0.000876883
282.734082	5.3426    	3.7338    	3.89915   	3.75927   	3.73292   	0.000876673
282.808989	5.34182   	3.73328   	3.89864   	3.75874   	3.73241   	0.000876462
282.883895	5.34104   	3.73277   	3.89813   	3.7582    	3.73189   	0.000876252
282.958801	5.34027   	3.73226   	3.89761   	3.75766   	3.73138   	0.000876041
283.033708	5.33949   	3.73174   	3.8971    	3.75712   	3.73087   	0.000875831
283.108614	5.33872   	3.73123   	3.89659   	3.75659   	3.73035   	0.000875621
283.183521	5.33794   	3.73071   	3.89608   	3.75605   	3.72984   	0.000875411
283.258427	5.33717   	3.7302    	3.89557   	3.75551   	3.72933   	0.000875201
283.333333	5.3364    	3.72969   	3.89506   	3.75498   	3.72881   	0.000874992
283.408240	5.33562   	3.72918   	3.89455   	3.75444   	3.7283    	0.000874782
283.483146	5.33485   	3.72866   	3.89405   	3.75391   	3.72779   	0.000874573
283.558052	5.33408   	3.72815   	3.89354   	3.75337   	3.72728   	0.000874363
283.632959	5.33331   	3.72764   	3.89303   	3.75284   	3.72677   	0.000874154
283.707865	5.33253   	3.72713   	3.89252   	3.7523    	3.72626   	0.000873945
283.782772	5.33176   	3.72662   	3.89201   	3.75177   	3.72575   	0.000873735
283.857678	5.33099   	3.72611   	3.8915    	3.75123   	3.72523   	0.000873526
283.932584	5.33022   	3.7256    	3.891     	3.7507    	3.72472   	0.000873317
284.007491	5.32945   	3.72509   	3.89049   	3.75017   	3.72421   	0.000873109
284.082397	5.32868   	3.72458   	3.88998   	3.74963   	3.7237    	0.0008729 
284.157303	5.32791   	3.72407   	3.88947   	3.7491    	3.72319   	0.000872691
284.232210	5.32714   	3.72356   	3.88897   	3.74857   	3.72269   	0.000872483
284.307116	5.32637   	3.72305   	3.88846   	3.74804   	3.72218   	0.000872275
284.382022	5.32561   	3.72254   	3.88795   	3.7475    	3.72167   	0.000872066
284.456929	5.32484   	3.72203   	3.88745   	3.74697   	3.72116   	0.000871858
284.531835	5.32407   	3.72152   	3.88694   	3.74644   	3.72065   	0.00087165
284.606742	5.3233    	3.72101   	3.88644   	3.74591   	3.72014   	0.000871442
284.681648	5.32254   	3.72051   	3.88593   	3.74538   	3.71963   	0.000871234
284.756554	5.32177   	3.72      	3.88542   	3.74485   	3.71913   	0.000871026
284.831461	5.321     	3.71949   	3.88492   	3.74432   	3.71862   	0.000870819
284.906367	5.32024   	3.71898   	3.88441   	3.74379   	3.71811   	0.000870611
284.981273	5.31947   	3.71848   	3.88391   	3.74326   	3.71761   	0.000870404
285.056180	5.31871   	3.71797   	3.88341   	3.74273   	3.7171    	0.000870196
285.131086	5.31794   	3.71746   	3.8829    	3.7422    	3.71659   	0.000869989
285.205993	5.31718   	3.71696   	3.8824    	3.74167   	3.71609   	0.000869782
285.280899	5.31642   	3.71645   	3.88189   	3.74114   	3.71558   	0.000869575
285.355805	5.31565   	3.71594   	3.88139   	3.74061   	3.71508   	0.000869368
285.430712	5.31489   	3.71544   	3.88089   	3.74008   	3.71457   	0.000869161
285.505618	5.31413   	3.71493   	3.88038   	3.73955   	3.71407   	0.000868954
285.580524	5.31336   	3.71443   	3.87988   	3.73903   	3.71356   	0.000868748
285.655431	5.3126    	3.71392   	3.87938   	3.7385    	3.71306   	0.000868541
285.730337	5.31184   	3.71342   	3.87888   	3.73797   	3.71255   	0.000868335
285.805243	5.31108   	3.71292   	3.87838   	3.73744   	3.71205   	0.000868129
285.880150	5.31032   	3.71241   	3.87787   	3.73692   	3.71154   	0.000867922
285.955056	5.30956   	3.71191   	3.87737   	3.73639   	3.71104   	0.000867716
286.029963	5.3088    	3.7114    	3.87687   	3.73586   	3.71054   	0.00086751
286.104869	5.30804   	3.7109    	3.87637   	3.73534   	3.71003   	0.000867304
286.179775	5.30728   	3.7104    	3.87587   	3.73481   	3.70953   	0.000867098
286.254682	5.30652   	3.7099    	3.87537   	3.73429   	3.70903   	0.000866893
286.329588	5.30576   	3.70939   	3.87487   	3.73376   	3.70853   	0.000866687
286.404494	5.305     	3.70889   	3.87437   	3.73324   	3.70802   	0.000866482
286.479401	5.30424   	3.70839   	3.87387   	3.73271   	3.70752   	0.000866276
286.554307	5.30349   	3.70789   	3.87337   	3.73219   	3.70702   	0.000866071
286.629213	5.30273   	3.70739   	3.87287   	3.73166   	3.70652   	0.000865866
286.704120	5.30197   	3.70688   	3.87237   	3.73114   	3.70602   	0.000865661
286.779026	5.30122   	3.70638   	3.87187   	3.73062   	3.70552   	0.000865456
286.853933	5.30046   	3.70588   	3.87137   	3.73009   	3.70502   	0.000865251
286.928839	5.29971   	3.70538   	3.87087   	3.72957   	3.70452   	0.000865046
287.003745	5.29895   	3.70488   	3.87037   	3.72905   	3.70402   	0.000864841
287.078652	5.2982    	3.70438   	3.86987   	3.72853   	3.70352   	0.000864637
287.153558	5.29744   	3.70388   	3.86938   	3.728     	3.70302   	0.000864432
287.228464	5.29669   	3.70338   	3.86888   	3.72748   	3.70252   	0.000864228
287.303371	5.29593   	3.70288   	3.86838   	3.72696   	3.70202   	0.000864024
287.378277	5.29518   	3.70239   	3.86788   	3.72644   	3.70152   	0.000863819
287.453184	5.29443   	3.70189   	3.86739   	3.72592   	3.70102   	0.000863615
287.528090	5.29367   	3.70139   	3.86689   	3.7254    	3.70052   	0.000863411
287.602996	5.29292   	3.70089   	3.86639   	3.72488   	3.70003   	0.000863207
287.677903	5.29217   	3.70039   	3.8659    	3.72436   	3.69953   	0.000863004
287.752809	5.29142   	3.69989   	3.8654    	3.72384   	3.69903   	0.0008628 
287.827715	5.29067   	3.6994    	3.8649    	3.72332   	3.69853   	0.000862596
287.902622	5.28992   	3.6989    	3.86441   	3.7228    	3.69804   	0.000862393
287.977528	5.28916   	3.6984    	3.86391   	3.72228   	3.69754   	0.00086219
288.052434	5.28841   	3.69791   	3.86342   	3.72176   	3.69704   	0.000861986
288.127341	5.28766   	3.69741   	3.86292   	3.72124   	3.69655   	0.000861783
288.202247	5.28692   	3.69691   	3.86243   	3.72072   	3.69605   	0.00086158
288.277154	5.28617   	3.69642   	3.86193   	3.7202    	3.69556   	0.000861377
288.352060	5.28542   	3.69592   	3.86144   	3.71968   	3.69506   	0.000861174
288.426966	5.28467   	3.69543   	3.86094   	3.71917   	3.69456   	0.000860971
288.501873	5.28392   	3.69493   	3.86045   	3.71865   	3.69407   	0.000860769
288.576779	5.28317   	3.69444   	3.85996   	3.71813   	3.69357   	0.000860566
288.651685	5.28243   	3.69394   	3.85946   	3.71761   	3.69308   	0.000860364
288.726592	5.28168   	3.69345   	3.85897   	3.7171    	3.69259   	0.000860161
288.801498	5.28093   	3.69295   	3.85848   	3.71658   	3.69209   	0.000859959
288.876404	5.28019   	3.69246   	3.85798   	3.71607   	3.6916    	0.000859757
288.951311	5.27944   	3.69196   	3.85749   	3.71555   	3.6911    	0.000859555
289.026217	5.2787    	3.69147   	3.857     	3.71503   	3.69061   	0.000859353
289.101124	5.27795   	3.69098   	3.8565    	3.71452   	3.69012   	0.000859151
289.176030	5.27721   	3.69048   	3.85601   	3.714     	3.68962   	0.000858949
289.250936	5.27646   	3.68999   	3.85552   	3.71349   	3.68913   	0.000858748
289.325843	5.27572   	3.6895    	3.85503   	3.71297   	3.68864   	0.000858546
289.400749	5.27497   	3.68901   	3.85454   	3.71246   	3.68815   	0.000858344
289.475655	5.27423   	3.68851   	3.85405   	3.71195   	3.68766   	0.000858143
289.550562	5.27349   	3.68802   	3.85355   	3.71143   	3.68716   	0.000857942
289.625468	5.27274   	3.68753   	3.85306   	3.71092   	3.68667   	0.000857741
289.700375	5.272     	3.68704   	3.85257   	3.7104    	3.68618   	0.00085754
289.775281	5.27126   	3.68655   	3.85208   	3.70989   	3.68569   	0.000857339
289.850187	5.27052   	3.68606   	3.85159   	3.70938   	3.6852    	0.000857138
289.925094	5.26978   	3.68557   	3.8511    	3.70887   	3.68471   	0.000856937
290.000000	5.26904   	3.68508   	3.85061   	3.70835   	3.68422   	0.000856736
