Energy (MeV/u)	0 - [He-base] F.Hubert et al, AD&ND Tables 46(1990)1	1 - [H -base] J.F.Ziegler et al, Pergamon Press, NY (low energy)	2 - ATIMA 1.2  LS-theory (recommended for high energy)	3 - ATIMA 1.2  without LS-correction	4 - electrical component of [1] - J.F.Ziegler et al	5 - nuclear component of [1] - J.F.Ziegler et al
250.000000	5.72294   	3.98644   	4.14959   	4.02416   	3.98545   	0.00098776
250.074906	5.72196   	3.98579   	4.14895   	4.02347   	3.9848    	0.000987491
250.149813	5.72099   	3.98514   	4.14831   	4.02279   	3.98416   	0.000987224
250.224719	5.72001   	3.98449   	4.14766   	4.02211   	3.98351   	0.000986956
250.299625	5.71904   	3.98385   	4.14702   	4.02143   	3.98286   	0.000986688
250.374532	5.71807   	3.9832    	4.14638   	4.02075   	3.98221   	0.000986421
250.449438	5.71709   	3.98255   	4.14574   	4.02007   	3.98156   	0.000986153
250.524345	5.71612   	3.9819    	4.1451    	4.01939   	3.98092   	0.000985886
250.599251	5.71515   	3.98126   	4.14446   	4.01871   	3.98027   	0.000985619
250.674157	5.71418   	3.98061   	4.14382   	4.01803   	3.97963   	0.000985352
250.749064	5.71321   	3.97997   	4.14318   	4.01735   	3.97898   	0.000985085
250.823970	5.71224   	3.97932   	4.14254   	4.01667   	3.97834   	0.000984819
250.898876	5.71127   	3.97867   	4.1419    	4.016     	3.97769   	0.000984552
250.973783	5.7103    	3.97803   	4.14126   	4.01532   	3.97705   	0.000984286
251.048689	5.70933   	3.97739   	4.14062   	4.01464   	3.9764    	0.00098402
251.123596	5.70836   	3.97674   	4.13998   	4.01396   	3.97576   	0.000983754
251.198502	5.7074    	3.9761    	4.13934   	4.01329   	3.97511   	0.000983488
251.273408	5.70643   	3.97545   	4.1387    	4.01261   	3.97447   	0.000983223
251.348315	5.70546   	3.97481   	4.13807   	4.01194   	3.97383   	0.000982957
251.423221	5.7045    	3.97417   	4.13743   	4.01126   	3.97319   	0.000982692
251.498127	5.70353   	3.97353   	4.13679   	4.01059   	3.97254   	0.000982426
251.573034	5.70257   	3.97289   	4.13616   	4.00991   	3.9719    	0.000982161
251.647940	5.7016    	3.97224   	4.13552   	4.00924   	3.97126   	0.000981896
251.722846	5.70064   	3.9716    	4.13488   	4.00856   	3.97062   	0.000981632
251.797753	5.69968   	3.97096   	4.13425   	4.00789   	3.96998   	0.000981367
251.872659	5.69872   	3.97032   	4.13361   	4.00722   	3.96934   	0.000981102
251.947566	5.69775   	3.96968   	4.13298   	4.00654   	3.9687    	0.000980838
252.022472	5.69679   	3.96904   	4.13235   	4.00587   	3.96806   	0.000980574
252.097378	5.69583   	3.9684    	4.13171   	4.0052    	3.96742   	0.00098031
252.172285	5.69487   	3.96776   	4.13108   	4.00453   	3.96678   	0.000980046
252.247191	5.69391   	3.96712   	4.13044   	4.00386   	3.96614   	0.000979782
252.322097	5.69295   	3.96649   	4.12981   	4.00319   	3.96551   	0.000979519
252.397004	5.69199   	3.96585   	4.12918   	4.00252   	3.96487   	0.000979255
252.471910	5.69104   	3.96521   	4.12855   	4.00185   	3.96423   	0.000978992
252.546816	5.69008   	3.96457   	4.12792   	4.00118   	3.96359   	0.000978729
252.621723	5.68912   	3.96394   	4.12728   	4.00051   	3.96296   	0.000978466
252.696629	5.68816   	3.9633    	4.12665   	3.99984   	3.96232   	0.000978203
252.771536	5.68721   	3.96266   	4.12602   	3.99917   	3.96169   	0.00097794
252.846442	5.68625   	3.96203   	4.12539   	3.9985    	3.96105   	0.000977678
252.921348	5.6853    	3.96139   	4.12476   	3.99784   	3.96041   	0.000977415
252.996255	5.68434   	3.96076   	4.12413   	3.99717   	3.95978   	0.000977153
253.071161	5.68339   	3.96012   	4.1235    	3.9965    	3.95915   	0.000976891
253.146067	5.68243   	3.95949   	4.12287   	3.99583   	3.95851   	0.000976629
253.220974	5.68148   	3.95885   	4.12225   	3.99517   	3.95788   	0.000976367
253.295880	5.68053   	3.95822   	4.12162   	3.9945    	3.95724   	0.000976106
253.370787	5.67958   	3.95759   	4.12099   	3.99384   	3.95661   	0.000975844
253.445693	5.67863   	3.95695   	4.12036   	3.99317   	3.95598   	0.000975583
253.520599	5.67768   	3.95632   	4.11974   	3.99251   	3.95535   	0.000975321
253.595506	5.67672   	3.95569   	4.11911   	3.99184   	3.95471   	0.00097506
253.670412	5.67578   	3.95506   	4.11848   	3.99118   	3.95408   	0.000974799
253.745318	5.67483   	3.95443   	4.11786   	3.99052   	3.95345   	0.000974539
253.820225	5.67388   	3.95379   	4.11723   	3.98985   	3.95282   	0.000974278
253.895131	5.67293   	3.95316   	4.11661   	3.98919   	3.95219   	0.000974017
253.970037	5.67198   	3.95253   	4.11598   	3.98853   	3.95156   	0.000973757
254.044944	5.67103   	3.9519    	4.11536   	3.98787   	3.95093   	0.000973497
254.119850	5.67009   	3.95127   	4.11473   	3.98721   	3.9503    	0.000973237
254.194757	5.66914   	3.95064   	4.11411   	3.98654   	3.94967   	0.000972977
254.269663	5.66819   	3.95001   	4.11348   	3.98588   	3.94904   	0.000972717
254.344569	5.66725   	3.94939   	4.11286   	3.98522   	3.94841   	0.000972458
254.419476	5.6663    	3.94876   	4.11224   	3.98456   	3.94778   	0.000972198
254.494382	5.66536   	3.94813   	4.11161   	3.9839    	3.94716   	0.000971939
254.569288	5.66442   	3.9475    	4.11099   	3.98324   	3.94653   	0.000971679
254.644195	5.66347   	3.94687   	4.11037   	3.98258   	3.9459    	0.00097142
254.719101	5.66253   	3.94625   	4.10975   	3.98193   	3.94528   	0.000971162
254.794007	5.66159   	3.94562   	4.10913   	3.98127   	3.94465   	0.000970903
254.868914	5.66065   	3.94499   	4.10851   	3.98061   	3.94402   	0.000970644
254.943820	5.65971   	3.94437   	4.10789   	3.97995   	3.9434    	0.000970386
255.018727	5.65877   	3.94374   	4.10727   	3.9793    	3.94277   	0.000970127
255.093633	5.65783   	3.94312   	4.10665   	3.97864   	3.94215   	0.000969869
255.168539	5.65689   	3.94249   	4.10603   	3.97798   	3.94152   	0.000969611
255.243446	5.65595   	3.94187   	4.10541   	3.97733   	3.9409    	0.000969353
255.318352	5.65501   	3.94124   	4.10479   	3.97667   	3.94027   	0.000969096
255.393258	5.65407   	3.94062   	4.10417   	3.97602   	3.93965   	0.000968838
255.468165	5.65313   	3.94      	4.10355   	3.97536   	3.93903   	0.00096858
255.543071	5.6522    	3.93937   	4.10293   	3.97471   	3.9384    	0.000968323
255.617978	5.65126   	3.93875   	4.10232   	3.97405   	3.93778   	0.000968066
255.692884	5.65032   	3.93813   	4.1017    	3.9734    	3.93716   	0.000967809
255.767790	5.64939   	3.9375    	4.10108   	3.97274   	3.93654   	0.000967552
255.842697	5.64845   	3.93688   	4.10047   	3.97209   	3.93591   	0.000967295
255.917603	5.64752   	3.93626   	4.09985   	3.97144   	3.93529   	0.000967039
255.992509	5.64658   	3.93564   	4.09923   	3.97079   	3.93467   	0.000966782
256.067416	5.64565   	3.93502   	4.09862   	3.97013   	3.93405   	0.000966526
256.142322	5.64472   	3.9344    	4.098     	3.96948   	3.93343   	0.00096627
256.217228	5.64379   	3.93378   	4.09739   	3.96883   	3.93281   	0.000966014
256.292135	5.64285   	3.93316   	4.09678   	3.96818   	3.93219   	0.000965758
256.367041	5.64192   	3.93254   	4.09616   	3.96753   	3.93157   	0.000965502
256.441948	5.64099   	3.93192   	4.09555   	3.96688   	3.93095   	0.000965246
256.516854	5.64006   	3.9313    	4.09493   	3.96623   	3.93034   	0.000964991
256.591760	5.63913   	3.93068   	4.09432   	3.96558   	3.92972   	0.000964736
256.666667	5.6382    	3.93006   	4.09371   	3.96493   	3.9291    	0.00096448
256.741573	5.63727   	3.92945   	4.0931    	3.96428   	3.92848   	0.000964225
256.816479	5.63634   	3.92883   	4.09248   	3.96364   	3.92786   	0.00096397
256.891386	5.63542   	3.92821   	4.09187   	3.96299   	3.92725   	0.000963716
256.966292	5.63449   	3.92759   	4.09126   	3.96234   	3.92663   	0.000963461
257.041199	5.63356   	3.92698   	4.09065   	3.96169   	3.92602   	0.000963207
257.116105	5.63264   	3.92636   	4.09004   	3.96105   	3.9254    	0.000962952
257.191011	5.63171   	3.92575   	4.08943   	3.9604    	3.92478   	0.000962698
257.265918	5.63078   	3.92513   	4.08882   	3.95975   	3.92417   	0.000962444
257.340824	5.62986   	3.92452   	4.08821   	3.95911   	3.92355   	0.00096219
257.415730	5.62893   	3.9239    	4.0876    	3.95846   	3.92294   	0.000961936
257.490637	5.62801   	3.92329   	4.08699   	3.95782   	3.92233   	0.000961683
257.565543	5.62709   	3.92267   	4.08638   	3.95717   	3.92171   	0.000961429
257.640449	5.62616   	3.92206   	4.08577   	3.95653   	3.9211    	0.000961176
257.715356	5.62524   	3.92145   	4.08517   	3.95588   	3.92048   	0.000960923
257.790262	5.62432   	3.92083   	4.08456   	3.95524   	3.91987   	0.00096067
257.865169	5.6234    	3.92022   	4.08395   	3.9546    	3.91926   	0.000960417
257.940075	5.62248   	3.91961   	4.08334   	3.95395   	3.91865   	0.000960164
258.014981	5.62156   	3.919     	4.08274   	3.95331   	3.91804   	0.000959911
258.089888	5.62064   	3.91838   	4.08213   	3.95267   	3.91742   	0.000959659
258.164794	5.61972   	3.91777   	4.08152   	3.95203   	3.91681   	0.000959406
258.239700	5.6188    	3.91716   	4.08092   	3.95139   	3.9162    	0.000959154
258.314607	5.61788   	3.91655   	4.08031   	3.95075   	3.91559   	0.000958902
258.389513	5.61696   	3.91594   	4.07971   	3.95011   	3.91498   	0.00095865
258.464419	5.61604   	3.91533   	4.0791    	3.94946   	3.91437   	0.000958398
258.539326	5.61513   	3.91472   	4.0785    	3.94882   	3.91376   	0.000958146
258.614232	5.61421   	3.91411   	4.0779    	3.94819   	3.91315   	0.000957895
258.689139	5.61329   	3.9135    	4.07729   	3.94755   	3.91254   	0.000957643
258.764045	5.61238   	3.91289   	4.07669   	3.94691   	3.91194   	0.000957392
258.838951	5.61146   	3.91228   	4.07609   	3.94627   	3.91133   	0.000957141
258.913858	5.61055   	3.91168   	4.07548   	3.94563   	3.91072   	0.00095689
258.988764	5.60963   	3.91107   	4.07488   	3.94499   	3.91011   	0.000956639
259.063670	5.60872   	3.91046   	4.07428   	3.94435   	3.90951   	0.000956388
259.138577	5.60781   	3.90985   	4.07368   	3.94372   	3.9089    	0.000956138
259.213483	5.6069    	3.90925   	4.07307   	3.94308   	3.90829   	0.000955887
259.288390	5.60598   	3.90864   	4.07247   	3.94244   	3.90769   	0.000955637
259.363296	5.60507   	3.90804   	4.07187   	3.94181   	3.90708   	0.000955387
259.438202	5.60416   	3.90743   	4.07127   	3.94117   	3.90647   	0.000955137
259.513109	5.60325   	3.90682   	4.07067   	3.94054   	3.90587   	0.000954887
259.588015	5.60234   	3.90622   	4.07007   	3.9399    	3.90526   	0.000954637
259.662921	5.60143   	3.90561   	4.06947   	3.93927   	3.90466   	0.000954388
259.737828	5.60052   	3.90501   	4.06887   	3.93863   	3.90406   	0.000954138
259.812734	5.59961   	3.90441   	4.06828   	3.938     	3.90345   	0.000953889
259.887640	5.5987    	3.9038    	4.06768   	3.93737   	3.90285   	0.000953639
259.962547	5.5978    	3.9032    	4.06708   	3.93673   	3.90225   	0.00095339
260.037453	5.59689   	3.9026    	4.06648   	3.9361    	3.90164   	0.000953141
260.112360	5.59598   	3.90199   	4.06588   	3.93547   	3.90104   	0.000952893
260.187266	5.59508   	3.90139   	4.06529   	3.93483   	3.90044   	0.000952644
260.262172	5.59417   	3.90079   	4.06469   	3.9342    	3.89984   	0.000952395
260.337079	5.59326   	3.90019   	4.06409   	3.93357   	3.89923   	0.000952147
260.411985	5.59236   	3.89958   	4.0635    	3.93294   	3.89863   	0.000951899
260.486891	5.59146   	3.89898   	4.0629    	3.93231   	3.89803   	0.000951651
260.561798	5.59055   	3.89838   	4.06231   	3.93168   	3.89743   	0.000951403
260.636704	5.58965   	3.89778   	4.06171   	3.93105   	3.89683   	0.000951155
260.711610	5.58874   	3.89718   	4.06112   	3.93042   	3.89623   	0.000950907
260.786517	5.58784   	3.89658   	4.06052   	3.92979   	3.89563   	0.000950659
260.861423	5.58694   	3.89598   	4.05993   	3.92916   	3.89503   	0.000950412
260.936330	5.58604   	3.89538   	4.05933   	3.92853   	3.89443   	0.000950165
261.011236	5.58514   	3.89478   	4.05874   	3.9279    	3.89383   	0.000949917
261.086142	5.58424   	3.89419   	4.05815   	3.92728   	3.89324   	0.00094967
261.161049	5.58334   	3.89359   	4.05755   	3.92665   	3.89264   	0.000949423
261.235955	5.58244   	3.89299   	4.05696   	3.92602   	3.89204   	0.000949177
261.310861	5.58154   	3.89239   	4.05637   	3.92539   	3.89144   	0.00094893
261.385768	5.58064   	3.89179   	4.05578   	3.92477   	3.89085   	0.000948684
261.460674	5.57974   	3.8912    	4.05518   	3.92414   	3.89025   	0.000948437
261.535581	5.57884   	3.8906    	4.05459   	3.92351   	3.88965   	0.000948191
261.610487	5.57795   	3.89      	4.054     	3.92289   	3.88906   	0.000947945
261.685393	5.57705   	3.88941   	4.05341   	3.92226   	3.88846   	0.000947699
261.760300	5.57615   	3.88881   	4.05282   	3.92164   	3.88787   	0.000947453
261.835206	5.57526   	3.88822   	4.05223   	3.92101   	3.88727   	0.000947207
261.910112	5.57436   	3.88762   	4.05164   	3.92039   	3.88668   	0.000946962
261.985019	5.57347   	3.88703   	4.05105   	3.91977   	3.88608   	0.000946716
262.059925	5.57257   	3.88643   	4.05046   	3.91914   	3.88549   	0.000946471
262.134831	5.57168   	3.88584   	4.04987   	3.91852   	3.88489   	0.000946226
262.209738	5.57079   	3.88525   	4.04928   	3.9179    	3.8843    	0.000945981
262.284644	5.56989   	3.88465   	4.0487    	3.91727   	3.88371   	0.000945736
262.359551	5.569     	3.88406   	4.04811   	3.91665   	3.88311   	0.000945491
262.434457	5.56811   	3.88347   	4.04752   	3.91603   	3.88252   	0.000945246
262.509363	5.56722   	3.88287   	4.04693   	3.91541   	3.88193   	0.000945002
262.584270	5.56633   	3.88228   	4.04635   	3.91479   	3.88134   	0.000944757
262.659176	5.56544   	3.88169   	4.04576   	3.91417   	3.88075   	0.000944513
262.734082	5.56455   	3.8811    	4.04517   	3.91355   	3.88015   	0.000944269
262.808989	5.56366   	3.88051   	4.04459   	3.91293   	3.87956   	0.000944025
262.883895	5.56277   	3.87992   	4.044     	3.91231   	3.87897   	0.000943781
262.958801	5.56188   	3.87933   	4.04342   	3.91169   	3.87838   	0.000943537
263.033708	5.56099   	3.87874   	4.04283   	3.91107   	3.87779   	0.000943294
263.108614	5.5601    	3.87815   	4.04225   	3.91045   	3.8772    	0.00094305
263.183521	5.55921   	3.87756   	4.04166   	3.90983   	3.87661   	0.000942807
263.258427	5.55833   	3.87697   	4.04108   	3.90921   	3.87602   	0.000942564
263.333333	5.55744   	3.87638   	4.04049   	3.90859   	3.87544   	0.000942321
263.408240	5.55656   	3.87579   	4.03991   	3.90798   	3.87485   	0.000942078
263.483146	5.55567   	3.8752    	4.03933   	3.90736   	3.87426   	0.000941835
263.558052	5.55478   	3.87461   	4.03874   	3.90674   	3.87367   	0.000941592
263.632959	5.5539    	3.87403   	4.03816   	3.90613   	3.87308   	0.00094135
263.707865	5.55302   	3.87344   	4.03758   	3.90551   	3.8725    	0.000941107
263.782772	5.55213   	3.87285   	4.037     	3.9049    	3.87191   	0.000940865
263.857678	5.55125   	3.87226   	4.03642   	3.90428   	3.87132   	0.000940623
263.932584	5.55037   	3.87168   	4.03584   	3.90367   	3.87074   	0.000940381
264.007491	5.54948   	3.87109   	4.03525   	3.90305   	3.87015   	0.000940139
264.082397	5.5486    	3.87051   	4.03467   	3.90244   	3.86957   	0.000939897
264.157303	5.54772   	3.86992   	4.03409   	3.90182   	3.86898   	0.000939656
264.232210	5.54684   	3.86933   	4.03351   	3.90121   	3.8684    	0.000939414
264.307116	5.54596   	3.86875   	4.03293   	3.9006    	3.86781   	0.000939173
264.382022	5.54508   	3.86817   	4.03235   	3.89998   	3.86723   	0.000938931
264.456929	5.5442    	3.86758   	4.03178   	3.89937   	3.86664   	0.00093869
264.531835	5.54332   	3.867     	4.0312    	3.89876   	3.86606   	0.000938449
264.606742	5.54244   	3.86641   	4.03062   	3.89815   	3.86548   	0.000938208
264.681648	5.54157   	3.86583   	4.03004   	3.89753   	3.86489   	0.000937968
264.756554	5.54069   	3.86525   	4.02946   	3.89692   	3.86431   	0.000937727
264.831461	5.53981   	3.86466   	4.02888   	3.89631   	3.86373   	0.000937487
264.906367	5.53893   	3.86408   	4.02831   	3.8957    	3.86314   	0.000937246
264.981273	5.53806   	3.8635    	4.02773   	3.89509   	3.86256   	0.000937006
265.056180	5.53718   	3.86292   	4.02715   	3.89448   	3.86198   	0.000936766
265.131086	5.53631   	3.86234   	4.02658   	3.89387   	3.8614    	0.000936526
265.205993	5.53543   	3.86176   	4.026     	3.89326   	3.86082   	0.000936286
265.280899	5.53456   	3.86117   	4.02543   	3.89265   	3.86024   	0.000936047
265.355805	5.53368   	3.86059   	4.02485   	3.89204   	3.85966   	0.000935807
265.430712	5.53281   	3.86001   	4.02428   	3.89144   	3.85908   	0.000935568
265.505618	5.53194   	3.85943   	4.0237    	3.89083   	3.8585    	0.000935328
265.580524	5.53107   	3.85885   	4.02313   	3.89022   	3.85792   	0.000935089
265.655431	5.53019   	3.85828   	4.02255   	3.88961   	3.85734   	0.00093485
265.730337	5.52932   	3.8577    	4.02198   	3.88901   	3.85676   	0.000934611
265.805243	5.52845   	3.85712   	4.02141   	3.8884    	3.85618   	0.000934372
265.880150	5.52758   	3.85654   	4.02083   	3.88779   	3.85561   	0.000934134
265.955056	5.52671   	3.85596   	4.02026   	3.88719   	3.85503   	0.000933895
266.029963	5.52584   	3.85538   	4.01969   	3.88658   	3.85445   	0.000933657
266.104869	5.52497   	3.85481   	4.01911   	3.88598   	3.85387   	0.000933418
266.179775	5.5241    	3.85423   	4.01854   	3.88537   	3.8533    	0.00093318
266.254682	5.52323   	3.85365   	4.01797   	3.88477   	3.85272   	0.000932942
266.329588	5.52237   	3.85308   	4.0174    	3.88416   	3.85214   	0.000932704
266.404494	5.5215    	3.8525    	4.01683   	3.88356   	3.85157   	0.000932466
266.479401	5.52063   	3.85192   	4.01626   	3.88295   	3.85099   	0.000932229
266.554307	5.51976   	3.85135   	4.01569   	3.88235   	3.85042   	0.000931991
266.629213	5.5189    	3.85077   	4.01512   	3.88175   	3.84984   	0.000931754
266.704120	5.51803   	3.8502    	4.01455   	3.88114   	3.84927   	0.000931517
266.779026	5.51717   	3.84962   	4.01398   	3.88054   	3.84869   	0.000931279
266.853933	5.5163    	3.84905   	4.01341   	3.87994   	3.84812   	0.000931042
266.928839	5.51544   	3.84847   	4.01284   	3.87934   	3.84754   	0.000930806
267.003745	5.51457   	3.8479    	4.01227   	3.87874   	3.84697   	0.000930569
267.078652	5.51371   	3.84733   	4.0117    	3.87814   	3.8464    	0.000930332
267.153558	5.51285   	3.84675   	4.01113   	3.87753   	3.84582   	0.000930096
267.228464	5.51198   	3.84618   	4.01057   	3.87693   	3.84525   	0.000929859
267.303371	5.51112   	3.84561   	4.01      	3.87633   	3.84468   	0.000929623
267.378277	5.51026   	3.84504   	4.00943   	3.87573   	3.84411   	0.000929387
267.453184	5.5094    	3.84446   	4.00887   	3.87513   	3.84354   	0.000929151
267.528090	5.50854   	3.84389   	4.0083    	3.87454   	3.84296   	0.000928915
267.602996	5.50768   	3.84332   	4.00773   	3.87394   	3.84239   	0.000928679
267.677903	5.50682   	3.84275   	4.00717   	3.87334   	3.84182   	0.000928443
267.752809	5.50596   	3.84218   	4.0066    	3.87274   	3.84125   	0.000928208
267.827715	5.5051    	3.84161   	4.00604   	3.87214   	3.84068   	0.000927973
267.902622	5.50424   	3.84104   	4.00547   	3.87154   	3.84011   	0.000927737
267.977528	5.50338   	3.84047   	4.00491   	3.87095   	3.83954   	0.000927502
268.052434	5.50253   	3.8399    	4.00434   	3.87035   	3.83897   	0.000927267
268.127341	5.50167   	3.83933   	4.00378   	3.86975   	3.8384    	0.000927032
268.202247	5.50081   	3.83876   	4.00321   	3.86916   	3.83783   	0.000926798
268.277154	5.49996   	3.83819   	4.00265   	3.86856   	3.83727   	0.000926563
268.352060	5.4991    	3.83762   	4.00209   	3.86797   	3.8367    	0.000926328
268.426966	5.49824   	3.83706   	4.00153   	3.86737   	3.83613   	0.000926094
268.501873	5.49739   	3.83649   	4.00096   	3.86678   	3.83556   	0.00092586
268.576779	5.49654   	3.83592   	4.0004    	3.86618   	3.835     	0.000925626
268.651685	5.49568   	3.83535   	3.99984   	3.86559   	3.83443   	0.000925392
268.726592	5.49483   	3.83479   	3.99928   	3.86499   	3.83386   	0.000925158
268.801498	5.49397   	3.83422   	3.99872   	3.8644    	3.8333    	0.000924924
268.876404	5.49312   	3.83365   	3.99815   	3.86381   	3.83273   	0.00092469
268.951311	5.49227   	3.83309   	3.99759   	3.86321   	3.83216   	0.000924457
269.026217	5.49142   	3.83252   	3.99703   	3.86262   	3.8316    	0.000924223
269.101124	5.49057   	3.83196   	3.99647   	3.86203   	3.83103   	0.00092399
269.176030	5.48971   	3.83139   	3.99591   	3.86144   	3.83047   	0.000923757
269.250936	5.48886   	3.83083   	3.99535   	3.86084   	3.8299    	0.000923524
269.325843	5.48801   	3.83026   	3.99479   	3.86025   	3.82934   	0.000923291
269.400749	5.48716   	3.8297    	3.99424   	3.85966   	3.82878   	0.000923058
269.475655	5.48632   	3.82914   	3.99368   	3.85907   	3.82821   	0.000922825
269.550562	5.48547   	3.82857   	3.99312   	3.85848   	3.82765   	0.000922593
269.625468	5.48462   	3.82801   	3.99256   	3.85789   	3.82709   	0.00092236
269.700375	5.48377   	3.82745   	3.992     	3.8573    	3.82652   	0.000922128
269.775281	5.48292   	3.82688   	3.99144   	3.85671   	3.82596   	0.000921896
269.850187	5.48208   	3.82632   	3.99089   	3.85612   	3.8254    	0.000921664
269.925094	5.48123   	3.82576   	3.99033   	3.85553   	3.82484   	0.000921432
270.000000	5.48038   	3.8252    	3.98977   	3.85494   	3.82428   	0.0009212 
270.074906	5.47954   	3.82464   	3.98922   	3.85436   	3.82371   	0.000920969
270.149813	5.47869   	3.82407   	3.98866   	3.85377   	3.82315   	0.000920737
270.224719	5.47785   	3.82351   	3.98811   	3.85318   	3.82259   	0.000920506
270.299625	5.477     	3.82295   	3.98755   	3.85259   	3.82203   	0.000920274
270.374532	5.47616   	3.82239   	3.987     	3.85201   	3.82147   	0.000920043
270.449438	5.47531   	3.82183   	3.98644   	3.85142   	3.82091   	0.000919812
270.524345	5.47447   	3.82127   	3.98589   	3.85083   	3.82035   	0.000919581
270.599251	5.47363   	3.82071   	3.98533   	3.85025   	3.81979   	0.00091935
270.674157	5.47279   	3.82015   	3.98478   	3.84966   	3.81924   	0.000919119
270.749064	5.47194   	3.8196    	3.98422   	3.84908   	3.81868   	0.000918889
270.823970	5.4711    	3.81904   	3.98367   	3.84849   	3.81812   	0.000918658
270.898876	5.47026   	3.81848   	3.98312   	3.84791   	3.81756   	0.000918428
270.973783	5.46942   	3.81792   	3.98257   	3.84732   	3.817     	0.000918198
271.048689	5.46858   	3.81736   	3.98201   	3.84674   	3.81645   	0.000917968
271.123596	5.46774   	3.81681   	3.98146   	3.84615   	3.81589   	0.000917738
271.198502	5.4669    	3.81625   	3.98091   	3.84557   	3.81533   	0.000917508
271.273408	5.46606   	3.81569   	3.98036   	3.84499   	3.81477   	0.000917278
271.348315	5.46522   	3.81514   	3.97981   	3.8444    	3.81422   	0.000917048
271.423221	5.46439   	3.81458   	3.97926   	3.84382   	3.81366   	0.000916819
271.498127	5.46355   	3.81402   	3.9787    	3.84324   	3.81311   	0.000916589
271.573034	5.46271   	3.81347   	3.97815   	3.84266   	3.81255   	0.00091636
271.647940	5.46188   	3.81291   	3.9776    	3.84207   	3.812     	0.000916131
271.722846	5.46104   	3.81236   	3.97705   	3.84149   	3.81144   	0.000915902
271.797753	5.4602    	3.8118    	3.9765    	3.84091   	3.81089   	0.000915673
271.872659	5.45937   	3.81125   	3.97595   	3.84033   	3.81033   	0.000915444
271.947566	5.45853   	3.81069   	3.97541   	3.83975   	3.80978   	0.000915216
272.022472	5.4577    	3.81014   	3.97486   	3.83917   	3.80922   	0.000914987
272.097378	5.45686   	3.80959   	3.97431   	3.83859   	3.80867   	0.000914759
272.172285	5.45603   	3.80903   	3.97376   	3.83801   	3.80812   	0.00091453
272.247191	5.4552    	3.80848   	3.97321   	3.83743   	3.80757   	0.000914302
272.322097	5.45436   	3.80793   	3.97267   	3.83685   	3.80701   	0.000914074
272.397004	5.45353   	3.80737   	3.97212   	3.83627   	3.80646   	0.000913846
272.471910	5.4527    	3.80682   	3.97157   	3.8357    	3.80591   	0.000913618
272.546816	5.45187   	3.80627   	3.97102   	3.83512   	3.80536   	0.000913391
272.621723	5.45104   	3.80572   	3.97048   	3.83454   	3.80481   	0.000913163
272.696629	5.45021   	3.80517   	3.96993   	3.83396   	3.80425   	0.000912936
272.771536	5.44938   	3.80462   	3.96939   	3.83339   	3.8037    	0.000912708
272.846442	5.44855   	3.80407   	3.96884   	3.83281   	3.80315   	0.000912481
272.921348	5.44772   	3.80352   	3.96829   	3.83223   	3.8026    	0.000912254
272.996255	5.44689   	3.80297   	3.96775   	3.83166   	3.80205   	0.000912027
273.071161	5.44606   	3.80242   	3.9672    	3.83108   	3.8015    	0.0009118 
273.146067	5.44523   	3.80187   	3.96666   	3.8305    	3.80095   	0.000911573
273.220974	5.4444    	3.80132   	3.96612   	3.82993   	3.80041   	0.000911346
273.295880	5.44358   	3.80077   	3.96557   	3.82935   	3.79986   	0.00091112
273.370787	5.44275   	3.80022   	3.96503   	3.82878   	3.79931   	0.000910894
273.445693	5.44192   	3.79967   	3.96449   	3.82821   	3.79876   	0.000910667
273.520599	5.4411    	3.79912   	3.96394   	3.82763   	3.79821   	0.000910441
273.595506	5.44027   	3.79857   	3.9634    	3.82706   	3.79766   	0.000910215
273.670412	5.43945   	3.79803   	3.96286   	3.82648   	3.79712   	0.000909989
273.745318	5.43862   	3.79748   	3.96231   	3.82591   	3.79657   	0.000909763
273.820225	5.4378    	3.79693   	3.96177   	3.82534   	3.79602   	0.000909537
273.895131	5.43697   	3.79639   	3.96123   	3.82477   	3.79548   	0.000909312
273.970037	5.43615   	3.79584   	3.96069   	3.82419   	3.79493   	0.000909086
274.044944	5.43533   	3.79529   	3.96015   	3.82362   	3.79438   	0.000908861
274.119850	5.4345    	3.79475   	3.95961   	3.82305   	3.79384   	0.000908636
274.194757	5.43368   	3.7942    	3.95907   	3.82248   	3.79329   	0.000908411
274.269663	5.43286   	3.79366   	3.95853   	3.82191   	3.79275   	0.000908186
274.344569	5.43204   	3.79311   	3.95799   	3.82134   	3.7922    	0.000907961
274.419476	5.43122   	3.79257   	3.95745   	3.82077   	3.79166   	0.000907736
274.494382	5.4304    	3.79202   	3.95691   	3.8202    	3.79111   	0.000907511
274.569288	5.42958   	3.79148   	3.95637   	3.81963   	3.79057   	0.000907287
274.644195	5.42876   	3.79093   	3.95583   	3.81906   	3.79003   	0.000907062
274.719101	5.42794   	3.79039   	3.95529   	3.81849   	3.78948   	0.000906838
274.794007	5.42712   	3.78985   	3.95475   	3.81792   	3.78894   	0.000906614
274.868914	5.4263    	3.7893    	3.95421   	3.81735   	3.7884    	0.00090639
274.943820	5.42548   	3.78876   	3.95368   	3.81678   	3.78786   	0.000906166
275.018727	5.42466   	3.78822   	3.95314   	3.81622   	3.78731   	0.000905942
275.093633	5.42385   	3.78768   	3.9526    	3.81565   	3.78677   	0.000905718
275.168539	5.42303   	3.78713   	3.95206   	3.81508   	3.78623   	0.000905495
275.243446	5.42221   	3.78659   	3.95153   	3.81451   	3.78569   	0.000905271
275.318352	5.4214    	3.78605   	3.95099   	3.81395   	3.78515   	0.000905048
275.393258	5.42058   	3.78551   	3.95046   	3.81338   	3.78461   	0.000904824
275.468165	5.41976   	3.78497   	3.94992   	3.81281   	3.78406   	0.000904601
275.543071	5.41895   	3.78443   	3.94938   	3.81225   	3.78352   	0.000904378
275.617978	5.41814   	3.78389   	3.94885   	3.81168   	3.78298   	0.000904155
275.692884	5.41732   	3.78335   	3.94831   	3.81112   	3.78244   	0.000903933
275.767790	5.41651   	3.78281   	3.94778   	3.81055   	3.78191   	0.00090371
275.842697	5.41569   	3.78227   	3.94724   	3.80999   	3.78137   	0.000903487
275.917603	5.41488   	3.78173   	3.94671   	3.80942   	3.78083   	0.000903265
275.992509	5.41407   	3.78119   	3.94617   	3.80886   	3.78029   	0.000903042
276.067416	5.41326   	3.78065   	3.94564   	3.8083    	3.77975   	0.00090282
276.142322	5.41245   	3.78011   	3.94511   	3.80773   	3.77921   	0.000902598
276.217228	5.41163   	3.77958   	3.94457   	3.80717   	3.77867   	0.000902376
276.292135	5.41082   	3.77904   	3.94404   	3.80661   	3.77814   	0.000902154
276.367041	5.41001   	3.7785    	3.94351   	3.80604   	3.7776    	0.000901932
276.441948	5.4092    	3.77796   	3.94298   	3.80548   	3.77706   	0.000901711
276.516854	5.40839   	3.77743   	3.94244   	3.80492   	3.77653   	0.000901489
276.591760	5.40758   	3.77689   	3.94191   	3.80436   	3.77599   	0.000901268
276.666667	5.40678   	3.77635   	3.94138   	3.8038    	3.77545   	0.000901046
276.741573	5.40597   	3.77582   	3.94085   	3.80323   	3.77492   	0.000900825
276.816479	5.40516   	3.77528   	3.94032   	3.80267   	3.77438   	0.000900604
276.891386	5.40435   	3.77475   	3.93979   	3.80211   	3.77385   	0.000900383
276.966292	5.40355   	3.77421   	3.93926   	3.80155   	3.77331   	0.000900162
277.041199	5.40274   	3.77368   	3.93873   	3.80099   	3.77278   	0.000899941
277.116105	5.40193   	3.77314   	3.9382    	3.80043   	3.77224   	0.000899721
277.191011	5.40113   	3.77261   	3.93767   	3.79987   	3.77171   	0.0008995 
277.265918	5.40032   	3.77207   	3.93714   	3.79932   	3.77117   	0.00089928
277.340824	5.39952   	3.77154   	3.93661   	3.79876   	3.77064   	0.00089906
277.415730	5.39871   	3.77101   	3.93608   	3.7982    	3.77011   	0.000898839
277.490637	5.39791   	3.77047   	3.93555   	3.79764   	3.76957   	0.000898619
277.565543	5.3971    	3.76994   	3.93502   	3.79708   	3.76904   	0.000898399
277.640449	5.3963    	3.76941   	3.93449   	3.79652   	3.76851   	0.000898179
277.715356	5.3955    	3.76887   	3.93396   	3.79597   	3.76798   	0.00089796
277.790262	5.39469   	3.76834   	3.93344   	3.79541   	3.76744   	0.00089774
277.865169	5.39389   	3.76781   	3.93291   	3.79485   	3.76691   	0.000897521
277.940075	5.39309   	3.76728   	3.93238   	3.7943    	3.76638   	0.000897301
278.014981	5.39229   	3.76675   	3.93185   	3.79374   	3.76585   	0.000897082
278.089888	5.39149   	3.76622   	3.93133   	3.79318   	3.76532   	0.000896863
278.164794	5.39069   	3.76568   	3.9308    	3.79263   	3.76479   	0.000896644
278.239700	5.38989   	3.76515   	3.93027   	3.79207   	3.76426   	0.000896425
278.314607	5.38909   	3.76462   	3.92975   	3.79152   	3.76373   	0.000896206
278.389513	5.38829   	3.76409   	3.92922   	3.79096   	3.7632    	0.000895987
278.464419	5.38749   	3.76356   	3.9287    	3.79041   	3.76267   	0.000895769
278.539326	5.38669   	3.76303   	3.92817   	3.78986   	3.76214   	0.00089555
278.614232	5.38589   	3.7625    	3.92765   	3.7893    	3.76161   	0.000895332
278.689139	5.38509   	3.76198   	3.92712   	3.78875   	3.76108   	0.000895113
278.764045	5.3843    	3.76145   	3.9266    	3.7882    	3.76055   	0.000894895
278.838951	5.3835    	3.76092   	3.92607   	3.78764   	3.76002   	0.000894677
278.913858	5.3827    	3.76039   	3.92555   	3.78709   	3.7595    	0.000894459
278.988764	5.38191   	3.75986   	3.92503   	3.78654   	3.75897   	0.000894241
279.063670	5.38111   	3.75933   	3.9245    	3.78599   	3.75844   	0.000894024
279.138577	5.38032   	3.75881   	3.92398   	3.78543   	3.75791   	0.000893806
279.213483	5.37952   	3.75828   	3.92346   	3.78488   	3.75739   	0.000893588
279.288390	5.37873   	3.75775   	3.92293   	3.78433   	3.75686   	0.000893371
279.363296	5.37793   	3.75723   	3.92241   	3.78378   	3.75633   	0.000893154
279.438202	5.37714   	3.7567    	3.92189   	3.78323   	3.75581   	0.000892937
279.513109	5.37634   	3.75617   	3.92137   	3.78268   	3.75528   	0.00089272
279.588015	5.37555   	3.75565   	3.92085   	3.78213   	3.75476   	0.000892503
279.662921	5.37476   	3.75512   	3.92032   	3.78158   	3.75423   	0.000892286
279.737828	5.37397   	3.7546    	3.9198    	3.78103   	3.75371   	0.000892069
279.812734	5.37317   	3.75407   	3.91928   	3.78048   	3.75318   	0.000891852
279.887640	5.37238   	3.75355   	3.91876   	3.77993   	3.75266   	0.000891636
279.962547	5.37159   	3.75302   	3.91824   	3.77938   	3.75213   	0.000891419
280.037453	5.3708    	3.7525    	3.91772   	3.77883   	3.75161   	0.000891203
280.112360	5.37001   	3.75198   	3.9172    	3.77829   	3.75108   	0.000890987
280.187266	5.36922   	3.75145   	3.91668   	3.77774   	3.75056   	0.000890771
280.262172	5.36843   	3.75093   	3.91616   	3.77719   	3.75004   	0.000890555
280.337079	5.36764   	3.75041   	3.91564   	3.77664   	3.74951   	0.000890339
280.411985	5.36685   	3.74988   	3.91512   	3.7761    	3.74899   	0.000890123
280.486891	5.36607   	3.74936   	3.9146    	3.77555   	3.74847   	0.000889908
280.561798	5.36528   	3.74884   	3.91409   	3.775     	3.74795   	0.000889692
280.636704	5.36449   	3.74832   	3.91357   	3.77446   	3.74743   	0.000889477
280.711610	5.3637    	3.74779   	3.91305   	3.77391   	3.7469    	0.000889261
280.786517	5.36292   	3.74727   	3.91253   	3.77337   	3.74638   	0.000889046
280.861423	5.36213   	3.74675   	3.91201   	3.77282   	3.74586   	0.000888831
280.936330	5.36134   	3.74623   	3.9115    	3.77228   	3.74534   	0.000888616
281.011236	5.36056   	3.74571   	3.91098   	3.77173   	3.74482   	0.000888401
281.086142	5.35977   	3.74519   	3.91046   	3.77119   	3.7443    	0.000888186
281.161049	5.35899   	3.74467   	3.90995   	3.77064   	3.74378   	0.000887972
281.235955	5.3582    	3.74415   	3.90943   	3.7701    	3.74326   	0.000887757
281.310861	5.35742   	3.74363   	3.90891   	3.76956   	3.74274   	0.000887543
281.385768	5.35664   	3.74311   	3.9084    	3.76901   	3.74222   	0.000887328
281.460674	5.35585   	3.74259   	3.90788   	3.76847   	3.7417    	0.000887114
281.535581	5.35507   	3.74207   	3.90737   	3.76793   	3.74118   	0.0008869 
281.610487	5.35429   	3.74155   	3.90685   	3.76738   	3.74067   	0.000886686
281.685393	5.35351   	3.74103   	3.90634   	3.76684   	3.74015   	0.000886472
281.760300	5.35272   	3.74052   	3.90582   	3.7663    	3.73963   	0.000886258
281.835206	5.35194   	3.74      	3.90531   	3.76576   	3.73911   	0.000886045
281.910112	5.35116   	3.73948   	3.90479   	3.76522   	3.73859   	0.000885831
281.985019	5.35038   	3.73896   	3.90428   	3.76468   	3.73808   	0.000885618
282.059925	5.3496    	3.73845   	3.90377   	3.76414   	3.73756   	0.000885404
282.134831	5.34882   	3.73793   	3.90325   	3.7636    	3.73704   	0.000885191
282.209738	5.34804   	3.73741   	3.90274   	3.76305   	3.73653   	0.000884978
282.284644	5.34726   	3.7369    	3.90223   	3.76251   	3.73601   	0.000884765
282.359551	5.34648   	3.73638   	3.90171   	3.76198   	3.7355    	0.000884552
282.434457	5.34571   	3.73586   	3.9012    	3.76144   	3.73498   	0.000884339
282.509363	5.34493   	3.73535   	3.90069   	3.7609    	3.73447   	0.000884126
282.584270	5.34415   	3.73483   	3.90018   	3.76036   	3.73395   	0.000883914
282.659176	5.34337   	3.73432   	3.89967   	3.75982   	3.73344   	0.000883701
282.734082	5.3426    	3.7338    	3.89915   	3.75928   	3.73292   	0.000883489
282.808989	5.34182   	3.73329   	3.89864   	3.75874   	3.73241   	0.000883277
282.883895	5.34104   	3.73278   	3.89813   	3.75821   	3.73189   	0.000883064
282.958801	5.34027   	3.73226   	3.89762   	3.75767   	3.73138   	0.000882852
283.033708	5.33949   	3.73175   	3.89711   	3.75713   	3.73087   	0.00088264
283.108614	5.33872   	3.73123   	3.8966    	3.75659   	3.73035   	0.000882428
283.183521	5.33794   	3.73072   	3.89609   	3.75606   	3.72984   	0.000882217
283.258427	5.33717   	3.73021   	3.89558   	3.75552   	3.72933   	0.000882005
283.333333	5.3364    	3.7297    	3.89507   	3.75499   	3.72881   	0.000881794
283.408240	5.33562   	3.72918   	3.89456   	3.75445   	3.7283    	0.000881582
283.483146	5.33485   	3.72867   	3.89405   	3.75391   	3.72779   	0.000881371
283.558052	5.33408   	3.72816   	3.89354   	3.75338   	3.72728   	0.00088116
283.632959	5.33331   	3.72765   	3.89303   	3.75284   	3.72677   	0.000880948
283.707865	5.33253   	3.72714   	3.89253   	3.75231   	3.72626   	0.000880737
283.782772	5.33176   	3.72663   	3.89202   	3.75178   	3.72575   	0.000880526
283.857678	5.33099   	3.72611   	3.89151   	3.75124   	3.72523   	0.000880316
283.932584	5.33022   	3.7256    	3.891     	3.75071   	3.72472   	0.000880105
284.007491	5.32945   	3.72509   	3.89049   	3.75017   	3.72421   	0.000879894
284.082397	5.32868   	3.72458   	3.88999   	3.74964   	3.7237    	0.000879684
284.157303	5.32791   	3.72407   	3.88948   	3.74911   	3.72319   	0.000879473
284.232210	5.32714   	3.72356   	3.88897   	3.74857   	3.72269   	0.000879263
284.307116	5.32637   	3.72306   	3.88847   	3.74804   	3.72218   	0.000879053
284.382022	5.32561   	3.72255   	3.88796   	3.74751   	3.72167   	0.000878843
284.456929	5.32484   	3.72204   	3.88745   	3.74698   	3.72116   	0.000878633
284.531835	5.32407   	3.72153   	3.88695   	3.74645   	3.72065   	0.000878423
284.606742	5.3233    	3.72102   	3.88644   	3.74592   	3.72014   	0.000878213
284.681648	5.32254   	3.72051   	3.88594   	3.74538   	3.71963   	0.000878004
284.756554	5.32177   	3.72      	3.88543   	3.74485   	3.71913   	0.000877794
284.831461	5.321     	3.7195    	3.88493   	3.74432   	3.71862   	0.000877585
284.906367	5.32024   	3.71899   	3.88442   	3.74379   	3.71811   	0.000877375
284.981273	5.31947   	3.71848   	3.88392   	3.74326   	3.71761   	0.000877166
285.056180	5.31871   	3.71798   	3.88341   	3.74273   	3.7171    	0.000876957
285.131086	5.31794   	3.71747   	3.88291   	3.7422    	3.71659   	0.000876748
285.205993	5.31718   	3.71696   	3.8824    	3.74167   	3.71609   	0.000876539
285.280899	5.31642   	3.71646   	3.8819    	3.74115   	3.71558   	0.00087633
285.355805	5.31565   	3.71595   	3.8814    	3.74062   	3.71508   	0.000876122
285.430712	5.31489   	3.71545   	3.88089   	3.74009   	3.71457   	0.000875913
285.505618	5.31413   	3.71494   	3.88039   	3.73956   	3.71407   	0.000875705
285.580524	5.31336   	3.71444   	3.87989   	3.73903   	3.71356   	0.000875496
285.655431	5.3126    	3.71393   	3.87939   	3.7385    	3.71306   	0.000875288
285.730337	5.31184   	3.71343   	3.87888   	3.73798   	3.71255   	0.00087508
285.805243	5.31108   	3.71292   	3.87838   	3.73745   	3.71205   	0.000874872
285.880150	5.31032   	3.71242   	3.87788   	3.73692   	3.71154   	0.000874664
285.955056	5.30956   	3.71191   	3.87738   	3.7364    	3.71104   	0.000874456
286.029963	5.3088    	3.71141   	3.87688   	3.73587   	3.71054   	0.000874248
286.104869	5.30804   	3.71091   	3.87638   	3.73535   	3.71003   	0.00087404
286.179775	5.30728   	3.71041   	3.87588   	3.73482   	3.70953   	0.000873833
286.254682	5.30652   	3.7099    	3.87537   	3.73429   	3.70903   	0.000873625
286.329588	5.30576   	3.7094    	3.87487   	3.73377   	3.70853   	0.000873418
286.404494	5.305     	3.7089    	3.87437   	3.73324   	3.70802   	0.000873211
286.479401	5.30424   	3.7084    	3.87387   	3.73272   	3.70752   	0.000873003
286.554307	5.30349   	3.70789   	3.87337   	3.73219   	3.70702   	0.000872796
286.629213	5.30273   	3.70739   	3.87287   	3.73167   	3.70652   	0.000872589
286.704120	5.30197   	3.70689   	3.87237   	3.73115   	3.70602   	0.000872383
286.779026	5.30122   	3.70639   	3.87188   	3.73062   	3.70552   	0.000872176
286.853933	5.30046   	3.70589   	3.87138   	3.7301    	3.70502   	0.000871969
286.928839	5.29971   	3.70539   	3.87088   	3.72958   	3.70452   	0.000871763
287.003745	5.29895   	3.70489   	3.87038   	3.72905   	3.70402   	0.000871556
287.078652	5.2982    	3.70439   	3.86988   	3.72853   	3.70352   	0.00087135
287.153558	5.29744   	3.70389   	3.86938   	3.72801   	3.70302   	0.000871144
287.228464	5.29669   	3.70339   	3.86889   	3.72749   	3.70252   	0.000870937
287.303371	5.29593   	3.70289   	3.86839   	3.72697   	3.70202   	0.000870731
287.378277	5.29518   	3.70239   	3.86789   	3.72644   	3.70152   	0.000870526
287.453184	5.29443   	3.70189   	3.86739   	3.72592   	3.70102   	0.00087032
287.528090	5.29367   	3.70139   	3.8669    	3.7254    	3.70052   	0.000870114
287.602996	5.29292   	3.7009    	3.8664    	3.72488   	3.70003   	0.000869908
287.677903	5.29217   	3.7004    	3.8659    	3.72436   	3.69953   	0.000869703
287.752809	5.29142   	3.6999    	3.86541   	3.72384   	3.69903   	0.000869497
287.827715	5.29067   	3.6994    	3.86491   	3.72332   	3.69853   	0.000869292
287.902622	5.28992   	3.69891   	3.86442   	3.7228    	3.69804   	0.000869087
287.977528	5.28916   	3.69841   	3.86392   	3.72228   	3.69754   	0.000868882
288.052434	5.28841   	3.69791   	3.86342   	3.72176   	3.69704   	0.000868677
288.127341	5.28766   	3.69742   	3.86293   	3.72125   	3.69655   	0.000868472
288.202247	5.28692   	3.69692   	3.86243   	3.72073   	3.69605   	0.000868267
288.277154	5.28617   	3.69642   	3.86194   	3.72021   	3.69556   	0.000868062
288.352060	5.28542   	3.69593   	3.86144   	3.71969   	3.69506   	0.000867858
288.426966	5.28467   	3.69543   	3.86095   	3.71917   	3.69456   	0.000867653
288.501873	5.28392   	3.69494   	3.86046   	3.71866   	3.69407   	0.000867449
288.576779	5.28317   	3.69444   	3.85996   	3.71814   	3.69357   	0.000867244
288.651685	5.28243   	3.69395   	3.85947   	3.71762   	3.69308   	0.00086704
288.726592	5.28168   	3.69345   	3.85898   	3.7171    	3.69259   	0.000866836
288.801498	5.28093   	3.69296   	3.85848   	3.71659   	3.69209   	0.000866632
288.876404	5.28019   	3.69246   	3.85799   	3.71607   	3.6916    	0.000866428
288.951311	5.27944   	3.69197   	3.8575    	3.71556   	3.6911    	0.000866224
289.026217	5.2787    	3.69148   	3.857     	3.71504   	3.69061   	0.000866021
289.101124	5.27795   	3.69098   	3.85651   	3.71453   	3.69012   	0.000865817
289.176030	5.27721   	3.69049   	3.85602   	3.71401   	3.68962   	0.000865614
289.250936	5.27646   	3.69      	3.85553   	3.7135    	3.68913   	0.00086541
289.325843	5.27572   	3.68951   	3.85504   	3.71298   	3.68864   	0.000865207
289.400749	5.27497   	3.68901   	3.85454   	3.71247   	3.68815   	0.000865004
289.475655	5.27423   	3.68852   	3.85405   	3.71195   	3.68766   	0.000864801
289.550562	5.27349   	3.68803   	3.85356   	3.71144   	3.68716   	0.000864598
289.625468	5.27274   	3.68754   	3.85307   	3.71092   	3.68667   	0.000864395
289.700375	5.272     	3.68705   	3.85258   	3.71041   	3.68618   	0.000864192
289.775281	5.27126   	3.68655   	3.85209   	3.7099    	3.68569   	0.000863989
289.850187	5.27052   	3.68606   	3.8516    	3.70939   	3.6852    	0.000863787
289.925094	5.26978   	3.68557   	3.85111   	3.70887   	3.68471   	0.000863584
290.000000	5.26904   	3.68508   	3.85062   	3.70836   	3.68422   	0.000863382
