132 50 124 50 300 10
1	181
13	6	1.627902e+03	-5.230294e+02	1.010496e+04
13	6	-3.032249e+03	-3.009738e+02	1.426744e+03
11	3	7.397464e+02	7.180106e+02	8.512342e+03
7	4	1.515319e+03	-9.671851e+01	5.280459e+03
7	3	1.733132e+02	-4.452982e+02	3.035746e+03
6	2	-3.934957e+02	-7.476022e+02	2.620486e+03
4	2	5.927324e+02	2.595831e+02	1.616312e+03
4	2	-5.060007e+02	2.925283e+02	4.992528e+02
3	1	-1.186224e+01	-1.059263e+02	7.444537e+02
3	1	-5.298551e+02	4.677180e+01	1.085573e+03
3	1	8.428007e+01	3.136966e+02	2.492189e+03
3	1	-3.226672e+01	7.265690e+02	1.920540e+03
3	1	-1.140049e+03	5.934105e+00	-4.078073e+02
2	1	2.359176e+01	3.131466e+02	9.115814e+01
2	1	3.002529e+02	-2.725677e+02	2.055735e+03
2	1	-3.358336e+02	3.574476e+02	5.894343e+02
2	1	2.376301e+02	-6.775796e+01	8.303359e+02
2	1	-6.765936e+01	2.428139e+02	-2.270840e+02
2	1	1.390039e+02	-1.541705e+02	7.948463e+02
2	1	2.130929e+01	3.035241e+02	2.896572e+02
2	1	2.748375e+02	-7.061222e+02	1.294995e+03
1	1	3.090163e+02	-1.603105e+02	4.509392e+02
1	1	3.023679e+02	-6.968738e+01	8.181196e+02
1	1	1.697003e+02	-3.688884e+01	8.625500e+02
1	1	8.745295e+01	3.254376e+02	3.181180e+02
1	1	-5.937708e+01	1.390506e+02	8.863791e+01
1	1	-2.825613e+01	-8.304242e+00	9.031974e+02
1	1	1.308214e+02	4.672465e+01	6.809115e+02
1	1	3.389218e+01	-1.291518e+01	1.033821e+03
1	1	-7.791939e+01	-1.130214e+02	-1.358615e+02
1	1	-1.896591e+00	-4.760644e+02	5.085594e+02
1	1	6.373765e+01	3.721321e+01	4.973746e+02
1	1	-1.133311e+02	1.696308e+00	2.110018e+02
1	1	1.483599e+02	1.830756e+02	3.969453e+02
1	1	4.432698e+01	1.680312e+02	7.264153e+02
1	1	1.003083e+02	5.993138e+01	7.303527e+02
1	1	-2.033820e+02	2.241400e+02	1.923960e+02
1	1	4.727018e+01	-6.622651e+01	9.225112e+02
1	1	-9.550477e+01	3.586364e+01	3.326109e+02
1	1	1.164051e+02	2.351702e+00	1.024204e+03
1	1	-8.782720e+01	-5.887774e+01	3.824745e+02
1	1	2.942633e+02	-4.708334e+02	8.501859e+01
1	1	-3.857266e+02	2.878324e+01	6.969415e+01
1	1	1.035931e+01	1.625528e+02	1.887110e+02
1	1	-1.443663e+01	-2.340368e+02	9.988681e+02
1	1	-8.781049e+01	-6.422047e+01	5.870105e+01
1	1	-2.584676e+02	2.567201e+02	3.528928e+01
1	1	-3.374453e+02	2.304325e+02	7.704504e+01
1	1	2.626427e+02	2.494235e+02	2.558672e+02
1	1	-3.763147e+02	-9.907413e+01	1.079819e+02
1	1	1.435327e+01	4.531311e+01	1.968383e+02
1	1	6.412903e+01	1.123924e+02	9.627899e+02
1	1	-5.319422e+01	7.170897e+00	9.548047e+01
1	1	7.665093e+01	-2.088917e+02	3.792982e+02
1	1	-1.057133e+01	-2.424588e+02	3.429430e+02
1	1	4.937664e+02	-1.555004e+02	5.684924e+02
1	1	1.353103e+02	-3.579746e+02	2.863666e+02
1	1	-2.171929e+02	-2.012440e+02	1.544189e+02
1	1	1.822635e+02	9.431643e+01	5.179784e+02
1	1	-2.698097e+02	-1.665066e+02	2.256512e+02
1	1	-1.958952e+02	2.428916e+02	1.794687e+02
1	1	-1.997466e+01	-1.620876e+02	6.111992e+02
1	1	-7.390110e+01	3.674205e+02	3.960362e+02
1	1	1.206321e+02	2.978545e+02	3.220850e+01
1	1	-3.125304e+02	-1.163881e+02	5.877496e+01
1	1	1.289441e+00	1.265776e+02	8.464526e+01
1	1	2.445745e+02	7.818263e+01	6.128066e+02
1	1	9.996735e+01	-3.353191e+01	4.609765e+02
1	1	3.822055e+01	1.439671e+02	3.321125e+02
1	1	-1.315706e+02	1.206052e+02	3.274164e+01
1	1	2.603918e+02	1.320825e+02	5.710965e+02
1	1	1.590368e+00	-7.720233e+01	3.120289e+02
1	1	-3.512860e+02	7.812909e+01	5.677448e+02
1	1	-1.939576e+01	-2.259330e+02	3.506507e+02
1	1	-9.912698e+01	4.583612e+01	3.685843e+02
1	1	5.096614e+02	-4.763084e+01	6.750503e+02
1	1	-7.861683e+00	-1.593196e+02	6.956061e+02
1	1	-1.078304e+01	5.700922e+01	2.703590e+02
1	1	2.862975e+02	4.832642e+02	5.127861e+02
1	1	-1.502442e+01	3.328304e+02	4.307048e+02
1	0	1.633729e+02	2.849696e+02	3.017700e+02
1	0	-5.084238e+01	1.675537e+02	3.675468e+02
1	0	-1.361341e+02	1.406602e+01	1.689895e+02
1	0	-1.353937e+02	-1.475702e+02	1.117138e+02
1	0	5.482879e+01	1.431955e+02	7.383886e+02
1	0	2.446783e+02	3.871156e+02	4.752406e+02
1	0	-2.238822e+01	-9.020056e+01	7.535524e+02
1	0	2.532010e+01	1.440845e+02	1.150920e+03
1	0	4.825277e+01	2.330945e+01	4.592310e+01
1	0	1.492664e+01	1.314562e+02	7.664965e+02
1	0	-9.235613e+01	-3.846522e+02	5.138405e+02
1	0	-7.535167e+01	-2.158655e+02	2.581870e+02
1	0	-1.504781e+02	-2.314874e+02	3.150775e+02
1	0	-1.594863e+02	8.681602e+01	4.746087e+02
1	0	4.385358e+01	-1.370552e+02	7.927913e+02
1	0	-4.969864e+01	8.232170e+01	3.452872e+02
1	0	-6.488319e+01	-2.664491e+01	1.774170e+01
1	0	1.227090e+02	-1.607102e+02	6.712773e+02
1	0	9.081222e+01	3.009547e+02	2.351071e+02
1	0	2.462490e+01	-1.499943e+02	7.393802e+01
1	0	-7.856800e+01	1.063069e+02	1.316581e+02
1	0	5.423250e+01	4.019100e+02	1.049597e+02
1	0	-5.905300e+01	1.862773e+02	-2.329529e+01
1	0	4.071355e+01	-1.011020e+02	7.886614e+02
1	0	-1.345346e+02	-1.463992e+02	8.877499e+01
1	0	-4.928875e+01	-1.020901e+02	-1.968759e+01
1	0	-1.343788e+02	-3.462112e+02	-3.639908e+01
1	0	-1.210951e+02	-3.192734e+02	2.913673e+02
1	0	-3.711392e+02	-1.527070e+02	4.301669e+01
1	0	3.304972e+02	-5.707646e+00	8.295978e+02
1	0	-1.209129e+02	1.290089e+02	9.007294e+00
1	0	2.290569e+02	-6.693867e+01	3.734499e+02
1	0	3.114825e+00	7.143716e+01	2.020303e+02
1	0	-2.559920e+01	7.382094e+01	1.245712e+01
1	0	2.687837e+02	5.785611e+01	4.225827e+02
1	0	1.265737e+00	-3.088033e+02	2.371189e+02
1	0	2.187811e+01	-2.007117e+01	1.028508e+02
1	0	-2.529375e+02	-1.197558e+02	1.419769e+02
1	0	-1.675645e+02	-1.050228e+02	1.023762e+02
1	0	8.639894e+01	-2.535396e+02	2.775982e+02
1	0	-3.095379e+01	2.275971e+01	5.677074e+02
1	0	-2.294205e+02	1.883375e+02	5.698289e+02
1	0	5.552309e+02	1.667614e+00	6.216730e+02
1	0	-1.180400e+02	-1.010479e+02	6.813727e+02
1	0	-2.640408e+02	-1.305798e+02	5.483219e+02
1	0	-5.128219e+02	-1.500660e+02	-1.474361e+02
1	0	1.422204e+02	1.178740e+02	8.446473e+02
1	0	-1.200496e+02	2.108832e+02	6.094275e+02
1	0	-2.093809e+02	-2.156574e+02	1.967144e+02
1	0	-3.247581e+01	1.864296e+02	8.370752e+02
1	0	4.759317e+01	-6.063702e+01	3.302052e+02
1	0	2.417502e+01	5.659664e+01	2.353591e+02
1	0	4.832309e+01	-8.250852e+01	2.425260e+02
1	0	1.185041e+02	3.298278e+02	7.125146e+02
1	0	4.308447e+01	1.911329e+02	2.691641e+02
1	0	3.688098e+02	3.059153e+02	8.008163e+02
1	0	-1.230891e+00	3.745909e+02	3.355494e+02
1	0	1.166083e+02	1.129021e+01	9.737393e+02
1	0	-1.209093e+02	1.389416e+02	1.104238e+02
1	0	-1.428441e+02	1.521562e+02	6.610970e+02
1	0	3.262588e+01	5.995937e+01	2.875210e+02
1	0	3.179720e+01	2.301322e+02	8.554593e+02
1	0	-8.465768e+00	-4.562837e+01	2.690362e+02
1	0	-2.430410e+02	-2.891049e+00	6.661450e+02
1	0	7.052976e+01	-2.209941e+02	3.898035e+02
1	0	-7.065267e+01	-7.043727e+01	4.489044e+02
1	0	-4.422406e+01	-3.866283e+01	7.411617e+02
1	0	3.720029e+02	-5.235525e+01	7.682736e+02
1	0	-1.486531e+01	1.188006e+01	8.901909e+02
1	0	2.221610e+00	4.350097e+02	1.043836e+03
1	0	1.148430e+02	7.198184e+01	3.284014e+02
1	0	-1.997635e+02	4.093713e+02	7.708007e+02
1	0	1.384332e+02	-4.114637e+01	-3.069598e+01
1	0	1.464226e+02	-2.998613e+02	4.219195e+02
1	0	-4.583837e+01	-2.984322e+01	4.422013e+02
1	0	-3.251370e+02	-1.617938e+02	5.424685e+02
1	0	-8.832900e+01	-6.118064e+01	3.979428e+01
1	0	-2.222118e+01	-7.275024e+02	4.552969e+02
1	0	-1.221967e+02	-1.370137e+02	2.074764e+02
1	0	4.314366e+02	-3.820852e+02	2.227783e-03
1	0	1.054550e+02	1.554786e+02	8.837172e+02
1	0	-3.685832e+01	-8.600665e+01	1.459948e+02
1	0	2.563286e+02	1.392452e+02	5.603829e+02
1	0	1.740951e+02	4.911793e+02	4.795143e+02
1	0	-2.381945e+02	1.933075e+02	1.379977e+02
1	0	-3.980804e+01	-5.060482e+02	1.701934e+02
1	0	-9.153502e+00	1.246963e+02	6.669178e+02
1	0	1.105556e+02	-3.819355e+01	7.402131e+02
1	0	-3.158577e+02	-1.328430e+02	5.857223e+01
1	0	-3.670772e+02	-5.302079e+02	3.773116e+02
1	0	-2.040922e+02	-1.945820e+02	1.234291e+02
1	0	5.162811e+02	3.717246e+02	6.993813e+02
1	0	1.624791e+02	-6.808830e+00	7.366024e+02
1	0	2.189333e+02	1.631145e+02	3.396715e+02
1	0	-4.808038e+02	-4.334650e+02	8.182275e+02
1	0	-1.092332e+02	-2.506849e+02	1.340600e+02
1	0	1.293009e+02	-3.563830e+02	4.268797e+02
1	0	2.728898e+02	1.563510e+02	1.768785e+02
1	0	2.999916e+01	1.953689e+02	1.580457e+02
1	0	3.373645e+00	-2.042284e+02	-5.461346e+01
1	0	1.513338e+02	1.482346e+00	7.901141e+02
2	58
78	29	-8.728542e+02	-1.249873e+02	2.955352e+02
40	16	6.468210e+02	-9.971318e+02	3.466597e+04
29	11	2.565582e+03	1.189191e+03	2.347198e+04
25	10	-6.840985e+02	-7.969216e+02	1.960338e+04
14	5	-2.056755e+02	-2.592328e+02	-1.987012e+01
8	5	-8.768357e+02	1.218101e+03	6.318145e+03
7	3	-1.303899e+02	2.382751e+02	8.991333e+01
4	2	-1.921285e+02	4.612252e+01	2.609827e+01
3	2	-3.489365e+00	1.329428e+01	1.779406e+03
1	1	-5.274921e+01	-2.149617e+02	2.610863e+02
1	1	-1.460298e+01	-3.601944e+01	7.272629e+02
1	1	7.208814e-01	6.270613e+01	4.805507e+02
1	1	-4.309962e+01	2.054264e+02	5.683273e+01
1	1	3.401526e+01	-7.881847e+01	6.109488e+02
1	1	5.143383e+01	3.277228e+01	5.212390e+02
1	1	-1.809007e+02	7.254698e+01	2.797296e+02
1	1	7.874132e+01	-1.056008e+01	5.924352e+02
1	1	-1.778779e+01	-1.864383e+01	-1.137969e+02
1	1	-1.392380e+01	-1.421437e+02	1.284343e+02
1	1	1.726323e+02	2.395369e+02	9.226094e+02
1	1	-5.896009e+01	-2.595830e+01	1.033228e+03
1	1	1.272848e+02	-1.771492e+01	8.625319e+02
1	1	-1.466004e+02	-1.043419e+02	9.121913e+02
1	1	-2.534951e+02	2.760526e+02	7.891259e+02
1	1	-2.420451e+01	-2.002444e+02	-8.348999e+00
1	1	2.057434e+02	-8.877183e+01	8.042902e+02
1	0	-2.179444e+01	-2.039255e+01	5.611703e+02
1	0	-1.883090e+02	1.360401e+02	1.168868e+02
1	0	-4.550118e+02	-2.749314e+02	6.130279e+02
1	0	-8.901954e+01	-1.048268e+02	4.370999e+02
1	0	-1.244751e+02	3.790805e+01	6.104539e+02
1	0	1.645022e+02	1.905817e+02	7.687901e+02
1	0	-4.930557e+01	1.045083e+02	1.778291e+02
1	0	-3.065264e+01	-2.964904e+01	9.510143e+02
1	0	9.332439e+01	1.349455e+02	9.252109e+02
1	0	-4.337336e+01	6.934731e+01	7.974539e+02
1	0	1.522220e+02	-6.307380e+01	7.194064e+02
1	0	5.497947e+02	9.880052e+01	6.700756e+02
1	0	1.126041e+02	5.194754e+00	5.923753e+02
1	0	1.339954e+02	-8.937708e+01	3.231932e+02
1	0	-6.041216e+01	-3.132788e+01	3.164664e+02
1	0	-1.373986e+01	-1.087103e+02	9.415614e+02
1	0	9.779481e+01	-2.936420e+02	4.430375e+02
1	0	-1.251816e+02	-2.939035e+02	6.782710e+02
1	0	-1.363220e+02	-6.069616e+01	-6.489725e+01
1	0	2.043225e+02	-2.833780e+01	1.008289e+03
1	0	-7.461767e+01	-2.184734e+01	5.159929e+02
1	0	7.380663e+01	-5.194660e+01	4.726709e+02
1	0	-8.759924e+01	2.067669e+01	5.453013e+02
1	0	-1.287018e+01	-1.209553e+02	6.672907e+02
1	0	-2.670193e+01	3.556936e+01	-1.826158e+02
1	0	-8.896354e+01	-1.133014e+01	5.037550e+02
1	0	3.447019e+01	1.042235e+02	6.831461e+01
1	0	-3.111099e+01	4.274486e-01	-2.236231e+02
1	0	-5.518448e+01	6.560407e+01	9.434181e+02
1	0	-2.442973e+01	-8.442485e+00	6.715933e+01
1	0	8.402223e+01	8.850470e+01	-1.623225e+02
-1	0	-7.296311e+01	4.348479e+01	9.993241e+01
3	127
36	12	-2.124387e+03	-7.856598e+02	3.615596e+02
22	10	-2.290902e+02	9.781489e+02	-5.095088e+02
23	8	6.075488e+02	6.133762e+02	1.804369e+04
11	6	3.421406e+02	-9.490777e+02	9.491840e+03
9	5	1.303262e+03	2.234518e+01	7.095233e+03
9	5	2.394874e+02	1.343882e+02	6.220972e+03
6	2	1.353510e+02	7.509498e+01	5.441065e+03
6	2	5.043655e+02	-2.451502e+02	4.901927e+03
4	2	-4.100339e+02	1.071026e+03	2.283106e+03
4	2	-3.040019e+02	-1.563958e+02	-2.146045e+01
3	2	-1.784721e+01	4.641860e+02	2.987231e+02
3	1	2.997559e+02	-2.109581e+00	1.753139e+03
2	1	-1.854402e+02	-2.352950e+02	5.635087e+02
2	1	1.101910e+02	-2.082379e+02	1.732798e+02
2	1	7.711332e+01	-6.425060e+00	1.056024e+03
2	1	5.780357e+01	-9.780544e+01	1.503854e+03
2	1	5.259346e+02	-2.057718e+02	2.121825e+03
1	1	2.085648e+02	-3.063116e+02	8.826290e+02
1	1	-3.181037e+01	-2.236414e+02	8.631829e+02
1	1	-9.233534e+01	-7.360054e+01	3.583942e+02
1	1	6.167207e+00	-1.081826e+02	9.501520e+02
1	1	-2.055387e+02	2.105756e+02	2.733154e+01
1	1	3.848806e+02	-3.889523e+01	6.043463e+02
1	1	2.162503e+01	-8.199641e+00	2.771166e+02
1	1	9.542290e+01	1.850291e+00	2.017822e+02
1	1	1.348175e+02	1.327098e+02	2.522214e+01
1	1	1.301868e+02	2.515267e+02	2.131615e+02
1	1	-1.158872e+01	4.008219e+01	7.309766e+01
1	1	5.379620e+01	-3.220822e+02	1.788999e+02
1	1	1.110816e+02	2.372983e+01	9.201296e+02
1	1	1.926193e+02	2.498573e+02	7.236618e+02
1	1	-2.669445e+01	-1.511583e+02	-2.372470e+01
1	1	-2.942688e+01	-3.677751e+01	3.807193e+01
1	1	-4.530450e+02	2.004575e+02	1.742649e+02
1	1	-4.109283e+02	-2.006434e+02	3.354633e+01
1	1	8.091833e+00	-1.266727e+02	7.111154e+02
1	1	-1.741242e+02	-7.925332e+01	5.703919e+01
1	1	3.140538e+02	2.164072e+02	1.537758e+02
1	1	3.885068e+01	-2.161131e+01	6.783799e+02
1	1	-3.114262e+02	-2.254084e+02	3.154983e+02
1	1	-3.835487e+01	6.481486e+02	4.787054e+02
1	1	3.784876e+01	-6.344011e+01	7.024143e+01
1	1	-1.271989e+01	8.283676e+01	7.908127e+02
1	1	-7.593989e+01	-1.358103e+02	8.335859e+02
1	1	2.465452e+01	-9.416605e+01	2.190520e+02
1	1	8.709863e+01	-5.758339e+01	7.247578e+02
1	1	6.978278e+01	-1.892122e+02	7.563791e+02
1	1	1.633313e+02	-1.138369e+02	6.999587e+02
1	1	-5.212649e+01	2.682331e+02	-4.320081e+01
1	1	-1.029510e+02	2.374186e+02	8.428271e+01
1	1	-1.830760e+02	-1.798789e+02	7.581315e+02
1	1	3.790552e+01	-2.181669e+01	5.936468e+02
1	1	1.074330e+02	-1.187596e+02	6.427690e+02
1	1	-1.661239e+02	2.811165e+02	6.342549e+02
1	1	-1.100734e+00	7.764584e+01	7.034081e+02
1	0	2.081135e+02	1.251480e+02	7.362915e+02
1	0	-1.863200e+02	-5.222419e+01	8.445574e+02
1	0	5.979714e+01	6.694698e+00	2.604455e+02
1	0	-1.846161e+02	-4.545062e+00	2.081060e+02
1	0	-1.449417e+02	2.308884e+02	1.228142e+02
1	0	-3.077047e+02	2.032947e+01	4.657775e+02
1	0	-1.310677e+02	1.007823e+02	7.211288e+02
1	0	1.094454e+02	7.643894e+01	5.147499e+02
1	0	7.464944e+01	-3.918776e+02	1.767746e+02
1	0	1.650622e+02	-3.559645e+01	8.850306e+02
1	0	-4.872680e+00	1.148314e+02	6.004918e+02
1	0	-1.311518e+01	1.288001e+02	7.242010e+02
1	0	-1.760280e+02	9.643396e+01	9.699722e+01
1	0	-4.697629e+01	1.311706e+02	7.243580e+02
1	0	8.898560e+01	-2.228359e+01	7.182602e+02
1	0	-3.248086e+01	-2.337937e+02	4.571418e+02
1	0	2.246645e+02	-1.779053e+02	3.419108e+02
1	0	1.190244e+01	-3.515648e+01	4.879353e+02
1	0	-3.622480e+01	1.688212e+02	4.444899e+02
1	0	4.103877e+02	-6.338102e+02	7.606104e+02
1	0	-9.537151e+01	-1.262375e+02	6.768683e+02
1	0	-2.008661e+01	4.907615e+01	2.628394e+02
1	0	-3.255255e+01	4.819456e+01	4.392374e+01
1	0	-3.617722e+02	2.571449e+02	7.291606e+02
1	0	-3.133568e+02	-9.931848e+01	4.847170e+02
1	0	2.558175e+00	-4.909150e+01	1.300581e+02
1	0	-2.354602e+02	2.655065e+02	5.350608e+02
1	0	1.127463e+02	-6.743414e+00	-6.195624e+01
1	0	2.410189e+02	6.093483e+01	2.195944e+02
1	0	8.235361e+01	2.104831e+02	3.355715e+02
1	0	-2.693169e+02	-7.844177e+01	1.755926e+02
1	0	-1.381049e+02	8.043269e+01	7.480371e+02
1	0	1.111987e+01	-8.397528e+01	-1.834853e+02
1	0	-2.304577e+02	1.056568e+02	1.984863e+00
1	0	5.797489e+01	-2.435657e+02	3.394142e+02
1	0	6.044894e+01	-1.048065e+02	6.823729e+02
1	0	-8.887268e+01	2.420153e+02	4.383681e+02
1	0	4.284171e+01	-2.381741e+01	9.695327e+02
1	0	9.674880e+01	-7.442326e+01	4.960864e+02
1	0	-1.317375e+02	-5.657606e+01	2.407785e+02
1	0	1.643472e+02	4.648557e+01	-8.554660e+01
1	0	-1.420663e+02	3.490484e+01	9.643861e+02
1	0	-4.340113e+02	2.760279e+02	1.678773e+02
1	0	3.713229e+01	-9.594120e+00	-4.378876e+00
1	0	5.682856e+02	-1.006488e+02	7.593859e+02
1	0	-4.210803e+02	-1.221220e+02	5.843845e+02
1	0	-6.595255e+01	5.395068e+00	5.127661e+01
1	0	2.784804e+02	-1.820745e+02	4.061867e+02
1	0	1.009562e+02	1.188253e+02	-4.975604e+01
1	0	3.699409e+00	8.163944e+01	9.197714e+01
1	0	-1.665270e+02	1.192169e+02	8.368414e+02
1	0	2.501255e+02	-5.103399e+01	7.272283e+02
1	0	1.939167e+01	1.110839e+02	8.143737e+02
1	0	-1.339873e+02	6.649237e+01	9.698843e+02
1	0	3.624248e+01	-3.505910e+01	7.824459e+02
1	0	-8.715279e+01	1.798936e+02	1.346741e+02
1	0	1.534237e+02	-5.677748e+01	7.923555e+02
1	0	-1.469837e+01	-5.054655e+01	9.428844e+02
1	0	4.953868e+01	-3.754914e+02	1.045076e+03
1	0	-1.271667e+02	-4.897807e+01	-3.447028e+01
1	0	1.208471e+02	4.449292e+01	5.260314e+02
1	0	8.863296e+01	1.074093e+02	5.755783e+02
1	0	1.000384e+02	-1.558217e+02	3.304899e+02
1	0	-3.496095e+01	-7.319961e+01	1.555757e+02
1	0	-6.116638e+01	-2.637019e+01	1.365118e+01
1	0	6.288004e+01	1.137449e+01	8.938845e+02
1	0	-7.658163e+01	-8.292445e+01	9.304767e+02
1	0	1.468159e+02	-1.566189e+02	7.814966e+01
1	0	7.237721e+01	-2.050515e+02	9.400220e+01
1	0	-1.178345e+02	1.112287e+02	9.913238e+02
1	0	2.585712e+00	-1.020240e+02	3.125303e+02
1	0	-3.305038e+01	4.198145e+01	2.735288e+02
4	72
62	25	-1.126397e+03	1.166716e+03	-5.283867e+02
39	13	1.040527e+03	-4.144685e+02	3.350447e+04
25	10	-6.137133e+02	-4.594348e+02	2.019173e+04
22	9	-1.460922e+02	-1.383941e+03	1.768457e+01
17	7	8.991949e+02	1.032940e+03	1.307594e+04
11	6	1.648955e+01	2.522733e+02	1.015855e+04
7	3	-3.051603e+02	6.945248e+01	1.112300e+03
3	2	2.690977e+02	9.334641e+01	3.237949e+02
3	1	3.370748e+01	1.611989e+02	2.126168e+03
3	1	3.254342e+02	-1.875957e+02	-2.973889e+01
2	1	3.946507e+01	1.242381e+02	1.523447e+03
2	1	-8.475572e+01	-6.445081e+01	2.227493e+02
1	1	-4.015595e+01	-2.849903e+02	8.257305e+02
1	1	5.732063e+01	6.364842e-01	8.879161e+02
1	1	-1.376138e+02	-1.830269e+02	3.870778e+02
1	1	1.996597e+02	-2.493742e+02	3.523222e+02
1	1	1.591934e+02	3.066191e+01	3.660641e+01
1	1	5.042078e+01	-2.777041e+01	7.474410e+02
1	1	-1.240252e+02	1.521033e+02	1.030298e+03
1	1	-1.538678e+02	4.512532e+00	7.009983e+02
1	1	6.566187e+01	-1.761566e+02	-3.721268e+01
1	1	5.399317e+01	-3.202705e+01	8.376389e+02
1	1	1.015248e+02	1.439397e+02	1.096752e+02
1	1	1.889495e+02	6.749873e+01	6.651860e+02
1	1	2.019529e+02	-1.932472e+02	-2.546069e+02
1	1	-4.671370e+01	8.594991e+01	1.148243e+02
1	1	-1.250270e+02	1.892848e+02	-6.118921e+01
1	1	-4.461194e+01	-7.501225e+00	-5.285693e+01
1	1	2.170079e+02	1.534234e+02	8.530624e+02
1	1	2.322026e+01	-8.672205e+01	3.471748e+02
1	1	1.385792e+02	-1.959690e+02	7.473380e+01
1	1	-6.712968e+01	5.349945e+01	5.715332e-01
1	1	1.548522e+02	8.958095e+01	8.311144e+02
1	0	2.546650e+01	-1.574770e+01	7.123744e+02
1	0	-5.923792e+01	1.709933e+01	-9.251910e+01
1	0	-1.274770e+02	6.392257e+01	1.310246e+02
1	0	-5.766833e+01	8.912399e+01	6.464007e+02
1	0	-1.702069e+02	1.545706e+02	1.277171e+02
1	0	-4.099229e+00	-2.868565e+01	8.318021e+01
1	0	-5.755681e+00	-1.047306e+02	1.001335e+03
1	0	1.089348e+02	5.143704e+01	3.732883e+01
1	0	-4.640997e+01	-9.970160e+01	8.490607e+01
1	0	-5.749694e+01	-1.391177e+02	9.414464e+02
1	0	-1.413744e+02	-5.091503e+01	7.014740e+00
1	0	-1.736193e+02	-9.033164e+01	1.928034e+02
1	0	1.132651e+02	-6.268386e+01	-4.807700e+01
1	0	3.308127e+02	-1.039883e+02	8.131415e+02
1	0	1.073927e+00	-5.878384e+01	7.470328e+02
1	0	-1.027301e+02	5.738562e+00	7.696190e+02
1	0	-9.746508e+01	-1.237181e+02	9.270671e+02
1	0	3.107371e+01	-2.430930e+01	6.886769e+02
1	0	-1.501694e+02	2.502520e+01	8.132526e+02
1	0	1.248159e+02	9.563865e+01	9.311169e+02
1	0	-9.185291e+01	-1.327102e+02	9.478080e+02
1	0	-8.115925e+00	1.680882e+02	7.842208e+02
1	0	-3.298428e+01	1.276697e+01	7.589208e+02
1	0	-9.583103e+01	-1.231427e+02	6.696118e+02
1	0	-1.370699e+02	-1.213174e+02	7.505972e+02
1	0	-1.267163e+02	-6.629612e+01	7.159910e+02
1	0	1.401602e+02	1.224918e+02	7.366483e+02
1	0	-9.367681e+01	1.318878e+00	9.177494e+02
1	0	-3.473696e+01	1.316345e+02	8.739105e+02
1	0	-6.404499e+01	2.445054e+01	7.270551e+02
1	0	1.435935e+02	2.228440e+01	4.334825e+02
1	0	5.791950e+01	-7.017630e+01	6.742113e+02
1	0	-6.709443e+01	-3.254023e+01	1.571267e+02
1	0	-2.063291e+02	1.214546e+02	2.064781e+02
1	0	3.967643e+01	1.484765e+01	9.674102e+02
1	0	-7.455945e+01	1.797775e+01	-1.433304e+01
1	0	4.804018e+01	1.871140e+02	3.318250e+02
1	0	-8.615705e+01	2.598023e+02	6.467282e+01
1	0	-7.294173e+01	-6.247226e+01	-2.023307e+02
5	39
104	40	8.483965e+02	-6.500436e+02	5.800547e+02
94	32	-6.066542e+02	-2.582188e+02	7.689748e+04
10	7	5.860204e+02	4.846754e+02	9.368019e+03
11	5	-1.213738e+01	-6.220713e+02	9.220920e+03
2	1	1.728596e+02	1.376823e+02	1.801326e+02
2	1	-9.509414e+01	1.074395e+02	-5.582397e+01
1	1	-1.935164e+02	-1.480962e+02	7.818948e+02
1	1	1.489460e+02	1.213013e+02	3.410760e+01
1	1	1.235691e+02	-8.935450e+01	5.411212e+01
1	1	2.593519e+02	5.318379e+01	1.056362e+02
1	1	-6.506728e+01	1.364100e+02	7.602062e+02
1	1	4.922393e+01	9.435576e+00	8.288340e+02
1	1	6.805669e+01	4.769047e+01	7.394139e+02
1	1	7.223930e+00	-7.259274e+01	8.034844e+02
1	1	-9.565581e+01	1.365949e+01	5.507581e+01
1	1	3.241697e+01	-2.342241e+01	1.033336e+03
1	1	6.425440e+01	-4.336015e+01	9.924013e+02
1	1	-6.700667e+01	1.628053e+02	-6.505847e+01
1	1	-3.104836e+02	1.750806e+02	3.532632e+02
1	1	-1.066443e+02	2.552080e+01	9.301752e+01
1	0	3.120992e+01	1.129108e+02	8.587803e+02
1	0	2.941233e+01	4.061753e+01	7.755650e+02
1	0	-4.854303e+01	5.449360e+01	-1.779263e+02
1	0	-1.807817e+01	6.634897e+01	7.801456e+02
1	0	-7.985758e+01	6.304992e+00	-1.177423e+01
1	0	1.720991e+01	6.364718e+01	3.179294e+01
1	0	-5.126098e+01	-8.086414e+01	7.362712e+02
1	0	-2.745554e+02	-3.527990e+01	1.988284e+01
1	0	1.373323e+02	6.229267e+01	7.096329e+01
1	0	-8.505730e+01	8.655078e+01	1.022420e+03
1	0	-1.162607e+02	-2.261032e+02	-2.555566e+01
1	0	-8.006284e+01	4.541007e+01	5.508517e+01
1	0	-2.716804e+02	1.783566e+02	1.156899e+02
1	0	1.435129e+02	-6.153331e+01	8.410245e+02
1	0	1.400234e+01	1.606706e+00	7.275936e+02
1	0	9.370834e+01	3.810366e+01	-7.428772e+00
1	0	-2.652398e+01	4.244531e+00	-1.564957e+01
1	0	-8.758366e+01	2.188321e+01	5.722659e+02
1	0	-1.349839e+02	5.328450e+01	9.534926e+02
6	86
35	15	-5.983169e+02	6.629627e+01	5.464277e+02
24	10	-7.222156e+02	-2.000232e+02	2.055414e+04
18	7	-1.260169e+02	1.284464e+02	4.157949e+02
18	6	5.234752e+01	-3.537080e+02	1.408835e+04
16	7	-5.719217e+02	4.574951e+02	-2.693926e+02
14	7	1.289643e+03	-6.903740e+02	1.192883e+04
15	6	-7.527169e+01	-8.071935e+02	2.652852e+02
11	3	6.190421e+02	6.024464e+02	7.511095e+03
8	4	5.881625e+01	-5.706978e+02	6.601082e+03
6	3	1.923150e+02	-1.488624e+01	5.589349e+03
6	2	2.728033e+02	3.932649e+02	5.443854e+03
4	2	-9.704026e+01	3.036139e+02	6.245790e+02
3	1	-9.427490e+01	1.626705e+02	-1.864697e+02
2	1	3.484043e+01	-1.636190e+02	1.576767e+03
2	1	2.474288e+02	7.265412e+01	1.795766e+03
2	1	-1.010513e+02	-2.685952e+02	-8.393939e+01
2	1	-2.086735e+01	-5.000598e+02	1.556650e+02
2	1	-9.696040e+00	2.443210e+02	7.421422e+02
1	1	7.635337e+01	2.052576e+02	6.091810e+02
1	1	7.785972e+01	-1.039470e+02	1.564850e+00
1	1	8.785725e+01	-3.325221e+01	8.102592e+02
1	1	2.971911e+02	-1.775671e+02	6.065372e+02
1	1	2.064074e+02	4.595958e+01	-6.335938e+00
1	1	-1.082146e+02	1.884426e+02	6.769935e+02
1	1	-2.055431e+02	7.601639e+01	7.894772e+02
1	1	-7.523701e+01	8.531667e+01	8.272272e+02
1	1	1.107107e+02	9.088735e+01	8.639910e+02
1	1	5.993775e+01	5.002448e+01	7.618855e+02
1	1	-1.560584e+01	1.250054e+02	8.793221e+02
1	1	-1.225667e+01	1.166999e+02	1.495479e+02
1	1	-7.019209e+01	-2.762831e+02	1.418654e+02
1	1	6.011471e+01	1.401773e+02	7.634697e+02
1	1	3.777879e+01	-1.872665e+02	6.678135e+02
1	1	-2.168110e+02	-2.382950e+02	2.602651e+02
1	1	1.670607e+02	6.888959e+01	8.334165e+02
1	1	1.705453e+02	-1.330863e+02	2.077113e+02
1	1	-1.536473e+02	-3.734571e+01	-8.041736e+01
1	1	2.786187e+01	1.953368e+01	5.974719e+02
1	1	-8.093719e+01	2.048678e+01	-8.628140e+01
1	1	-3.815877e+01	-3.398760e+01	2.876394e+02
1	0	-7.788635e+01	-8.719639e+01	7.709838e+02
1	0	1.716344e+02	2.774958e+02	1.159508e+03
1	0	-3.979638e+01	-1.818204e+01	8.905963e+02
1	0	1.213372e+02	-9.272911e+01	3.175498e+02
1	0	-7.424419e+01	6.480409e+01	1.611721e+02
1	0	-2.710764e+02	2.764985e+02	8.547883e+02
1	0	2.916075e+01	1.171523e+02	8.566769e+01
1	0	1.504351e+01	7.508993e+01	1.212070e+01
1	0	6.388596e+01	-1.746694e+02	7.692282e+02
1	0	6.851286e+01	-3.827953e+01	-2.011760e+02
1	0	8.957795e+01	7.549196e+01	3.266139e+02
1	0	-1.186128e+02	-1.049965e+02	6.730416e+02
1	0	5.596831e+01	8.053445e+01	-1.808050e+01
1	0	-1.506914e+02	-1.435385e+01	3.789783e+01
1	0	-1.486266e+02	1.927720e+02	8.964374e+02
1	0	-1.628285e+02	-2.081599e+02	9.136899e+01
1	0	-2.096668e+02	-4.947725e+01	-2.692499e+01
1	0	-2.969027e+01	2.565774e+01	9.570355e+02
1	0	-2.273809e+02	1.677229e+02	1.487571e+02
1	0	-2.887451e+01	-6.360070e+01	-7.338916e+01
1	0	-4.068154e+01	7.245800e+01	8.912906e+02
1	0	-2.369054e+02	7.028558e+01	-1.751750e+02
1	0	-8.813606e+01	2.929582e+01	-1.096545e+01
1	0	-1.185647e+02	7.176309e+01	3.822802e+02
1	0	-7.222626e+01	3.697165e+01	1.509882e+02
1	0	4.865101e+01	1.754663e+02	-5.655701e+01
1	0	4.261555e+01	3.948553e+01	1.065760e+03
1	0	2.229454e+01	1.414185e+01	8.181425e+02
1	0	5.066785e+02	7.792031e+01	3.860820e+02
1	0	1.849094e+01	-9.550768e+01	-1.728549e+01
1	0	4.805871e+01	-5.963007e+01	8.709778e+02
1	0	1.363744e+02	1.387449e+02	6.767068e+02
1	0	-7.936523e+01	-5.702496e+01	9.964441e+02
1	0	-8.911609e+01	2.391910e+01	7.294589e+02
1	0	-1.190284e+02	-3.082356e+02	6.947745e+02
1	0	1.068156e+02	-1.190628e+02	7.513079e+02
1	0	-3.273568e+00	-3.087834e+00	6.404511e+02
1	0	1.136849e+02	-4.191808e+01	9.546202e+02
1	0	2.454395e+01	4.231827e+01	-1.410010e+01
1	0	3.544203e+01	1.965085e+02	9.211177e+02
1	0	-2.015103e+01	-2.677538e+00	9.338599e+02
1	0	4.737044e+01	2.908190e+01	5.838241e+02
1	0	-7.233347e+01	2.107503e+02	6.097209e+02
1	0	-3.199402e+01	4.724610e+01	6.483679e+02
1	0	-5.754682e+01	5.534341e+00	2.993390e+02
1	0	4.891753e+01	2.995964e+01	5.727588e+02
7	34
107	43	-1.032530e+02	3.768977e+02	-8.260156e+01
98	34	5.308916e+02	-2.081923e+02	8.171605e+04
10	6	-4.630233e+02	-1.451368e+02	8.151840e+03
10	3	4.663035e+02	-1.710985e+02	8.579218e+03
2	1	2.211047e+01	1.342022e+02	1.645771e+03
1	1	5.449303e+01	-3.954731e+01	7.318022e+02
1	1	-1.860444e+01	1.556350e+02	6.737698e+02
1	1	-8.520464e+01	-1.229919e+02	4.656442e+01
1	1	1.323477e+02	-1.762966e+02	-4.221823e+01
1	1	-1.685467e+02	-4.117669e+01	3.341632e+01
1	1	-6.831976e+01	1.239128e+01	5.301086e+00
1	1	-8.573895e+01	-5.081636e+01	-5.720618e+01
1	1	-7.120776e+01	7.253484e+01	1.011843e+03
1	1	-9.152575e+01	4.292274e+01	-8.342181e+01
1	1	2.194158e+01	5.384367e+01	1.271175e+02
1	1	1.466562e+02	-1.348725e+01	9.980970e+02
1	1	9.370896e+00	9.816341e+01	8.212579e+02
1	1	-2.188944e+01	4.533538e+01	8.028810e+02
1	0	-4.262504e+01	1.362577e+02	7.934523e+02
1	0	-3.768280e+01	-2.428735e+01	8.047255e+02
1	0	4.470732e+01	-3.095199e+00	8.451647e+02
1	0	-4.621670e+01	-1.257271e+02	9.750427e+00
1	0	-7.153393e+01	1.063454e+02	-1.221106e+01
1	0	1.865645e+02	8.699101e+01	7.096923e+02
1	0	-7.017812e+01	3.735550e+01	1.281813e+02
1	0	3.910351e+01	8.478172e+01	8.405246e+01
1	0	-3.033627e+02	-8.170243e+01	3.754900e+02
1	0	-1.683085e+02	-3.206919e+02	4.203354e+02
1	0	5.881597e+01	7.798231e+01	9.636597e+00
1	0	-5.833147e-01	1.503661e+02	7.377544e+02
1	0	-5.277215e+01	-3.950745e+01	2.798102e+01
1	0	1.465127e+02	-5.944427e+01	-4.286914e+01
1	0	2.048986e+01	-5.737005e+01	1.945786e+02
1	0	9.026781e+01	8.563498e+00	-3.419537e+01
8	61
78	26	1.403453e+03	7.974305e+02	6.443856e+04
59	25	-6.783068e+02	-1.676972e+03	-2.946367e+02
38	18	-7.814740e+02	8.884681e+02	4.313730e+02
9	5	3.439056e+00	-6.757189e+02	8.172193e+03
6	3	2.431063e+02	-2.573558e+02	4.430040e+03
6	3	-3.907096e+02	-5.228327e+01	4.242346e+03
4	2	2.720289e+02	2.189995e+02	3.220077e+03
3	2	1.589226e+02	4.814188e+02	1.973581e+03
2	1	1.140030e+02	-6.069562e+00	3.420247e+02
1	1	-7.749741e+01	-1.454071e+02	8.323734e+02
1	1	1.850152e+02	-6.649038e+01	9.515507e+02
1	1	-2.909015e+02	3.831374e+02	7.159615e+02
1	1	-7.133098e+01	-2.847262e+01	9.876459e+02
1	1	-2.573066e+01	6.395345e+01	6.145532e+02
1	1	-2.401285e+01	-6.086350e+01	6.488616e+02
1	1	-1.364588e+02	4.314018e+01	9.519852e+02
1	1	4.025023e+01	9.307845e+01	3.191392e+02
1	1	-8.828688e+01	-4.176746e+01	2.521735e+02
1	1	5.968895e+01	1.548261e+02	-3.555316e+01
1	1	4.484916e+02	-4.602476e+01	5.661543e+02
1	1	6.763168e+01	1.250598e+02	-1.820822e+01
1	1	-1.989433e+02	2.158713e+02	3.288759e+02
1	1	-8.827295e+00	-1.234270e+02	1.212658e+02
1	1	3.614227e+01	3.987900e+00	1.147946e+03
1	1	6.630648e+01	-1.117246e+02	8.366390e+02
1	0	-1.588562e+02	-1.164142e+02	9.738236e+02
1	0	1.656780e+01	-8.312623e+01	1.679774e+02
1	0	-2.600757e+01	4.501542e+01	1.297876e+02
1	0	7.678596e+01	-2.071837e+02	7.621652e+02
1	0	-1.717009e+02	4.649931e+01	8.329407e+00
1	0	2.930361e+01	-6.247454e+01	-2.299948e+01
1	0	-1.125789e+02	7.098768e+01	6.793843e+02
1	0	2.796578e+02	6.715971e+01	4.239017e+02
1	0	6.020510e+01	4.493302e+01	9.422084e+02
1	0	-3.782413e+01	4.491308e+02	1.977967e+02
1	0	-1.105165e+01	-6.976630e+01	6.922021e+01
1	0	-1.340504e+02	4.709316e+01	5.390427e+01
1	0	-5.860164e+01	1.404365e+01	7.991879e+02
1	0	2.203282e+02	2.564480e+02	7.419468e+02
1	0	2.111597e+02	1.677317e-01	9.815809e+02
1	0	2.555563e+01	-2.337207e+02	3.328001e+02
1	0	5.526276e+01	-1.086641e+02	8.914775e+02
1	0	-6.234582e+01	-1.071936e+02	5.513842e+02
1	0	6.660762e+01	1.885149e+02	3.633460e+01
1	0	1.584744e+02	1.363777e+02	8.071299e+02
1	0	-2.083541e+02	-1.431279e+01	2.214335e+02
1	0	-1.753851e+02	9.736807e+01	-1.120893e+02
1	0	-1.270910e+02	-4.405445e+01	7.318241e+02
1	0	3.329192e+01	1.228136e+02	-3.679385e+01
1	0	-7.354185e+01	-2.075557e+01	8.835665e+02
1	0	2.815393e+02	4.711242e+01	2.996909e+02
1	0	5.593648e+01	4.934157e+00	7.574191e+01
1	0	-8.022293e+01	4.723681e+01	5.036735e+02
1	0	-1.395316e+02	-3.833892e+02	4.532615e+02
1	0	4.982249e+01	-5.694291e+01	6.705616e+02
1	0	-4.784637e+01	-8.595818e+01	5.321196e+02
1	0	-4.712566e+01	9.636336e+01	-1.353434e+02
1	0	-1.593908e+02	-8.405096e+01	-1.110809e+01
1	0	-4.405383e+01	-9.719676e+01	2.532346e+01
1	0	-9.257092e+01	-1.339582e+01	2.763857e+02
-1	-1	2.163371e+01	-1.703936e+02	-6.488332e+01
9	57
83	31	1.000203e+03	-3.947191e+02	6.989126e+04
53	21	-5.909985e+01	-1.170335e+03	-1.312910e+03
21	9	-8.465992e+02	7.330409e+01	-7.404981e+01
12	4	2.326198e+02	-3.865159e+02	9.434100e+03
11	4	8.598921e+01	5.373019e+02	9.683660e+02
9	5	6.045884e+02	9.373137e+02	7.045053e+03
9	3	-3.197850e+02	1.932483e+02	5.217676e+01
4	2	2.773892e+02	1.095365e+02	3.029033e+03
3	2	-2.927938e+01	-5.300561e+02	4.140464e+02
2	1	-1.364671e+01	-1.333168e+02	1.646592e+03
2	1	-9.621909e+01	1.825149e+02	7.695831e+01
2	1	-1.709049e+02	8.922081e-01	2.277120e+02
2	1	9.687974e+01	-1.632703e+02	7.315623e+02
1	1	-1.064916e+02	6.902945e+01	6.013409e+02
1	1	-1.187123e+02	2.202244e+02	6.699251e+02
1	1	1.362563e+02	2.492373e+01	6.898580e+02
1	1	1.291363e+02	-6.162617e+00	1.240570e+02
1	1	-1.300068e+02	4.947437e+01	-4.855969e+01
1	1	1.123854e+02	-2.291253e+02	1.316128e+02
1	1	9.730148e+01	1.744672e+02	2.400998e+02
1	1	8.413113e+01	5.092349e+01	1.192605e+02
1	1	-1.752752e+02	2.732707e+01	-2.007587e+01
1	1	-9.539501e+01	-1.599395e+02	1.736656e+02
1	1	1.478684e+02	2.634786e+02	8.349185e+02
1	1	-6.112683e+01	5.464833e+01	1.287763e+02
1	1	-7.695246e+01	1.522260e+02	4.979374e+02
1	1	-5.871245e+01	-1.242529e+02	1.111786e+03
1	1	6.456060e+00	-4.053588e+02	3.341653e+02
1	1	-1.942098e+01	-9.419764e+01	7.932949e+02
1	0	-4.188206e+01	1.639656e+02	1.126795e+03
1	0	-7.846915e+01	1.202054e+01	2.450544e+02
1	0	1.657991e+02	-5.395353e+01	7.690060e+02
1	0	3.127619e+01	1.272465e+01	7.434638e+02
1	0	-1.461673e+02	-5.637444e+00	7.129899e+02
1	0	8.745067e+01	2.155427e+01	6.982300e+02
1	0	-2.460111e+01	1.218554e+02	7.050167e+02
1	0	-1.186501e+01	-2.074938e+02	8.455871e+02
1	0	-1.843938e+02	1.629494e+02	5.282787e+02
1	0	9.351655e+00	6.161187e+01	8.171102e+02
1	0	-9.215698e+00	1.182030e+02	7.366032e+02
1	0	-1.140905e+01	-2.593933e+00	8.818870e+02
1	0	-1.154008e+02	3.074210e+01	1.005136e+01
1	0	-1.912522e+01	5.100904e+01	8.849738e+01
1	0	1.857569e+02	9.747680e+00	6.659494e+02
1	0	5.691304e+01	4.376982e+01	6.404266e+00
1	0	-2.717719e+01	6.710446e+01	-8.110620e+01
1	0	9.649622e+01	-9.605919e+01	7.933929e+02
1	0	1.504466e+00	8.742864e+01	-5.963184e+01
1	0	-2.784015e+01	-5.001707e+01	1.299351e+02
1	0	-1.678270e+01	-1.431351e+02	6.202318e+02
1	0	-1.758045e+02	-4.055865e+01	-7.232770e+01
1	0	-3.774668e+02	1.564440e+02	2.463043e+02
1	0	7.538791e+00	-3.473322e+01	-1.478581e+02
1	0	1.221788e+02	1.640497e+02	9.214389e+01
1	0	-4.267377e+01	-2.240273e+01	1.049528e+02
1	0	-5.056892e+01	-6.088627e+01	2.197755e+02
-1	-1	-3.699963e+01	1.087069e+02	6.964180e+01
10	191
6	4	1.570717e+03	-5.190025e+01	4.568737e+03
6	3	-9.061091e+02	3.678748e+02	1.672551e+02
6	2	-1.275744e+02	-1.170725e+03	2.649064e+03
6	2	1.156249e+03	-5.643609e+02	4.824230e+03
6	2	-1.910411e+01	7.830286e+02	2.587882e+03
4	2	-1.769421e+02	-1.958760e+02	1.019987e+03
4	2	-1.729444e+02	4.744926e+01	-3.724081e+02
4	2	-7.687261e+02	3.290374e+02	3.152534e+02
3	2	-6.411530e+02	3.249017e+01	9.230717e+02
3	2	7.439517e+02	9.688539e+01	2.431474e+03
3	2	-3.468670e+02	-2.442709e+02	7.216223e+01
3	2	2.140873e+02	5.217590e+02	2.527717e+03
3	1	-2.736314e+01	1.311078e+02	5.404651e+02
3	1	7.873523e+02	-1.440373e+02	1.751523e+03
3	1	-5.068722e+01	1.054585e+02	1.205966e+03
3	1	-8.081364e+02	-1.133995e+01	4.569519e+01
2	1	-1.649858e+02	-5.470782e+02	1.169336e+03
2	1	-1.429284e+02	2.385143e+02	1.059379e+03
2	1	-4.254748e+01	4.878384e+02	1.451375e+03
2	1	2.879087e+01	-2.530509e+02	7.993984e+02
2	1	7.561887e+01	5.563568e+02	1.320438e+03
2	1	-5.566821e+02	3.128371e+02	8.237525e+02
2	1	1.328903e+01	2.059640e+02	5.218904e+02
2	1	-1.329342e+02	-4.656902e+02	5.385353e+02
2	1	-1.780069e+02	3.405345e+01	2.358255e+02
2	1	-6.787003e+01	2.787926e+02	5.473015e+02
2	1	1.921224e+02	3.721343e+02	8.769559e+02
2	1	-6.054702e+02	-3.123209e+02	7.569033e+02
2	1	-5.824537e+01	8.687286e+02	7.909557e+02
2	1	-7.096014e+02	-5.480289e+02	6.933627e+02
2	1	-4.991764e+02	2.487275e+02	3.759395e+02
1	1	-5.011091e+01	-1.550756e+02	5.126251e+02
1	1	1.624316e+02	1.583688e+02	4.276395e+02
1	1	-4.661058e+02	3.263850e+02	2.018134e+02
1	1	7.652866e+01	-5.557581e+01	1.935244e+02
1	1	1.018402e+02	9.557232e+01	6.810414e+02
1	1	9.278606e+01	-2.364216e+01	2.732495e+02
1	1	3.651571e+02	-1.096368e+02	5.763672e+02
1	1	1.785013e+02	-2.848195e+01	6.740021e+02
1	1	1.322171e+02	6.867510e+01	7.705942e+02
1	1	-4.334362e+01	6.636179e+01	3.687024e+02
1	1	-2.222379e+02	2.687865e+02	4.343310e+01
1	1	3.417286e+02	-4.730444e+01	8.367434e+02
1	1	-2.023486e+02	-3.685973e+01	1.675642e+02
1	1	2.591812e+02	1.135156e+02	8.125737e+02
1	1	-2.743246e+02	-2.064655e+01	2.825505e+02
1	1	2.756091e+02	-4.220397e+02	5.238828e+02
1	1	-2.943259e+01	-3.089627e+02	3.085431e+02
1	1	1.599015e+02	2.328804e+02	4.055003e+02
1	1	1.376803e+01	-1.639602e+02	4.444539e+02
1	1	6.533027e+01	-1.571901e+02	5.606814e+02
1	1	1.541489e+02	1.898760e+02	5.172147e+02
1	1	6.938461e+01	8.913483e+01	8.986193e+02
1	1	3.697881e+02	7.857199e+01	9.282496e+02
1	1	2.192327e+02	-2.829898e+02	4.993734e+02
1	1	-1.011704e+02	-3.146884e+02	5.794630e+02
1	1	1.722778e+02	2.749256e+02	4.170996e+02
1	1	3.078959e+01	-6.622453e+00	4.381565e+02
1	1	-1.652503e+02	-6.282714e+00	1.382987e+02
1	1	-3.062551e+02	-2.870561e+01	5.673719e+02
1	1	5.850216e+01	-4.222739e+01	3.274168e+02
1	1	-1.837373e+00	4.799228e+02	1.381198e+02
1	1	3.240750e+02	1.173515e+02	6.179503e+02
1	1	-1.633287e+02	2.185724e+02	2.010363e+02
1	1	1.008222e+01	-1.748757e+02	8.267602e+01
1	1	-7.999166e+00	1.460439e+02	9.032595e+02
1	1	-3.660878e+02	-2.193704e+02	1.350996e+02
1	1	4.825462e+01	2.674589e+02	5.912494e+02
1	1	2.314699e+02	3.554487e+02	4.504186e+02
1	1	1.891444e+01	-7.585682e+01	5.393983e+02
1	1	8.568307e+00	-5.910554e+01	9.366541e+02
1	1	-1.306232e+01	2.316690e+02	6.381481e+02
1	1	1.998934e+02	2.441707e+02	4.580365e+02
1	1	-3.230002e+02	-2.145196e+02	8.975925e+01
1	1	4.312566e+01	-2.098306e+02	5.467011e+02
1	1	-2.673675e+02	-8.584910e+01	5.043720e+02
1	1	6.287161e+01	6.601775e+01	1.796539e+02
1	1	3.074798e+01	3.827310e+02	4.193913e+02
1	1	-2.149908e+02	3.650706e+00	2.775895e+02
1	1	-1.723825e+02	1.441182e+02	4.305706e+02
1	1	-8.654502e+01	4.994016e+01	9.436293e+02
1	1	5.670966e+01	-5.615263e+01	1.439421e+02
1	1	-4.183926e+02	-8.135426e+01	4.724124e+01
1	1	-1.567847e+02	-1.117500e+02	2.972614e+02
1	1	-2.201566e+02	5.312679e+02	3.286780e+02
1	0	6.426202e+01	2.501297e+02	9.323702e+02
1	0	1.530347e+00	7.133911e+01	9.783656e+02
1	0	-2.309384e+02	-3.153176e+01	-9.197729e+01
1	0	1.807478e+02	3.564721e+01	6.316855e+02
1	0	-4.427951e+01	4.576368e+02	3.164435e+02
1	0	3.413651e+02	-2.331872e+02	8.224617e+02
1	0	-2.526646e+02	1.845466e+02	2.712988e+02
1	0	-3.267317e+02	-4.618335e+02	3.541935e+02
1	0	-2.803553e+02	-2.812118e+02	6.452546e+02
1	0	1.004385e+02	3.741001e+02	6.044818e+02
1	0	1.766717e+01	-1.040215e+00	4.821892e+02
1	0	-2.345263e+02	-1.263979e+02	1.382173e+02
1	0	-6.030298e+01	-2.008042e+02	2.404533e+02
1	0	-2.846117e+02	6.870788e+01	2.785262e+02
1	0	-1.939492e+02	2.321886e+01	3.917836e+02
1	0	-1.868499e+02	2.553921e+02	5.169557e+02
1	0	1.483471e+02	-5.005407e+01	6.546782e+02
1	0	-1.182758e+02	6.382819e+01	4.180062e+02
1	0	2.010375e+02	2.428489e+02	6.298862e+02
1	0	1.750645e+02	-4.407225e+01	6.894696e+02
1	0	-2.854446e+02	-1.603112e+02	1.674091e+02
1	0	-1.029515e+02	9.155652e+01	4.951517e+01
1	0	2.703117e+02	1.254238e+01	6.798055e+02
1	0	3.694312e+02	-2.124514e+02	3.695185e+02
1	0	2.180639e+02	-2.736305e+02	2.435517e+02
1	0	9.466380e+01	-3.163864e+02	7.637056e+02
1	0	2.102748e+00	-3.622730e+02	5.499985e+02
1	0	2.379648e+02	1.910447e+02	8.574728e+02
1	0	-3.049561e+00	9.862093e+01	1.568697e+02
1	0	-3.822531e+02	-1.052871e+02	-1.434052e+00
1	0	-1.745833e+02	-1.495514e+02	-7.729645e+00
1	0	-6.864928e+01	-2.033744e+02	2.950720e+02
1	0	1.486976e+02	3.287470e+02	7.307921e+02
1	0	-2.677908e+02	-7.036526e+00	5.037588e+02
1	0	-2.366491e+02	-5.889006e+00	8.069813e+02
1	0	3.889251e+01	-6.933498e+01	2.505456e+02
1	0	4.653634e+00	1.253375e+02	1.856164e+02
1	0	7.552334e+00	2.743855e+02	7.798611e+02
1	0	6.502207e+01	-3.380207e+01	2.817753e+02
1	0	-3.938932e+02	-8.332477e+02	2.998919e+02
1	0	1.484499e+02	1.540901e+02	4.546192e+02
1	0	-8.728590e+01	-5.625913e+02	1.735499e+02
1	0	-2.785474e+02	-4.495410e+01	1.821348e+02
1	0	3.982000e+02	-5.240500e+01	6.183002e+02
1	0	3.149353e+02	-4.736223e+02	1.987564e+02
1	0	6.922302e+01	3.026732e+02	1.019071e+03
1	0	1.137084e+02	1.640252e+01	6.213967e+02
1	0	-1.124202e+02	1.471560e+02	4.884509e+02
1	0	-7.433485e+01	2.191575e+02	4.851882e+02
1	0	3.867849e+02	-6.984039e+01	5.312778e+02
1	0	2.982771e+02	-1.330486e+02	5.965460e+02
1	0	-2.542597e+02	-1.845024e+02	1.547262e+02
1	0	-2.179473e+02	1.108152e+02	-1.904083e+01
1	0	4.681380e+00	-9.569627e+01	1.759305e+02
1	0	-3.434454e+02	-2.936610e+01	9.665225e+01
1	0	-1.843245e+02	-1.293000e+02	1.151433e+02
1	0	8.283473e+01	-3.421097e+02	5.340701e+02
1	0	2.431750e+02	6.013052e+01	4.812698e+02
1	0	4.196263e+02	-3.682329e+02	4.176375e+02
1	0	-1.886434e+02	2.746306e+02	5.598049e+02
1	0	1.105494e+02	-1.446784e+02	5.078102e+02
1	0	-1.093007e+02	2.132771e+02	4.466847e+02
1	0	7.820025e+01	-6.121056e+01	7.569646e+02
1	0	2.305074e+02	-8.750703e+01	7.193270e+02
1	0	-1.188741e+01	-2.840256e+02	3.240707e+02
1	0	1.840358e+00	-7.167288e+01	6.658270e+02
1	0	-5.588745e+01	1.870240e+02	3.723972e+02
1	0	2.705858e+02	1.343023e+02	5.832793e+02
1	0	-1.936580e+01	-2.443318e+02	7.509459e+02
1	0	1.159919e+02	2.817272e+02	7.025817e+02
1	0	3.059090e+02	-1.579912e+02	5.795267e+02
1	0	1.585215e+02	-7.414951e+01	7.049056e+02
1	0	9.080898e+01	9.915404e+01	4.009015e+02
1	0	-8.197894e+01	-3.254124e+02	1.960073e+02
1	0	2.960826e+02	-1.017331e+02	6.793535e+02
1	0	6.459620e+01	-3.555459e+02	1.028529e+03
1	0	7.022452e+02	1.058309e+02	7.340656e+02
1	0	-8.522790e+01	4.825993e+01	2.231934e+02
1	0	-6.168751e+01	7.513535e+01	6.588565e+01
1	0	-7.771598e+01	1.161451e+02	8.673241e+02
1	0	1.039329e+02	1.403622e+02	1.554214e+02
1	0	2.947427e+02	-1.924458e+02	6.605008e+02
1	0	-4.324932e+01	-2.097131e+02	2.176718e+01
1	0	7.072934e+01	-5.219310e+02	3.054606e+02
1	0	2.688650e+01	-5.728708e+01	3.362893e+02
1	0	2.082182e+01	-5.675859e+01	7.826039e+02
1	0	-4.691352e+01	-2.743235e+02	3.617477e+02
1	0	-1.557196e+02	2.069488e+01	1.399670e+02
1	0	-1.726575e+02	1.792974e+01	2.031920e+02
1	0	-2.735344e+00	2.062198e+02	4.183247e+02
1	0	-3.497614e+01	2.190849e+02	-4.489502e+00
1	0	3.413021e+02	1.014252e+02	7.538946e+02
1	0	-2.121763e+01	-2.088271e+02	1.040575e+03
1	0	1.343865e+01	4.369462e+01	3.564056e+02
1	0	-8.756932e+01	7.811189e+01	4.917300e+02
1	0	-2.400951e+02	-4.291061e+02	1.775234e+02
1	0	-3.546623e+01	1.654459e+02	4.142686e+02
1	0	1.464953e+02	4.667726e+02	3.618198e+02
1	0	6.683336e+02	2.541204e+02	5.244260e+02
1	0	2.452176e+02	2.845659e+01	9.790004e+02
1	0	2.536167e+02	2.252961e+01	8.319773e+02
1	0	-1.816816e+02	3.568744e+02	6.588574e+01
1	0	2.396797e+02	1.576521e+02	7.232764e+02
1	0	-1.144750e+02	-3.970015e+02	2.098441e+02
1	0	-1.129233e+02	-1.639210e+02	5.592164e+02
1	0	-3.548338e+01	-1.191847e+02	-4.434390e+01