    650   -700   -600  0       20.472    0.0323207     0.123549            0            0            0            0            0            0
    590   -600   -580  0      10.9385   -0.0403553     0.111198            0            0            0            0            0            0
    570   -580   -560  0      11.5918   -0.0181331     0.123871            0            0            0            0            0            0
    550   -560   -540  0      16.3924   0.00874019     0.153382            0            0            0            0            0            0
    530   -540   -520  0      29.1153  -0.00365319     0.127992            0            0            0            0            0            0
    510   -520   -500  0      48.7323    0.0024157    0.0974235            0            0            0            0            0            0
    490   -500   -480  0      59.0943    0.0038113     0.119985            0            0            0            0            0            0
    470   -480   -460  0      87.3287   0.00645765     0.117022            0            0            0            0            0            0
    450   -460   -440  0      122.671   0.00175903     0.120162            0            0            0            0            0            0
    430   -440   -420  0      206.021    0.0153028     0.121615            0            0            0            0            0            0
    410   -420   -400  0      294.693   0.00866258     0.117738            0            0            0            0            0            0
    390   -400   -380  0      467.275   0.00305236     0.113552            0            0            0            0            0            0
    370   -380   -360  0      685.861  0.000726118       0.1114            0            0            0            0            0            0
    350   -360   -340  0      945.807    0.0019443     0.116035            0            0            0            0            0            0
    330   -340   -320  0      1423.65   0.00284441      0.11313            0            0            0            0            0            0
    310   -320   -300  0      1984.24  -0.00103479     0.116668            0            0            0            0            0            0
    290   -300   -280  0      2703.72  -0.00248062     0.115118            0            0            0            0            0            0
    270   -280   -260  0      3752.03  -0.00346796     0.114094            0            0            0            0            0            0
    250   -260   -240  0      4857.35  -0.00421854     0.113988            0            0            0            0            0            0
    230   -240   -220  0      6117.76  -0.00476472      0.11522            0            0            0            0            0            0
    210   -220   -200  0      7481.96  -0.00526699     0.115849            0            0            0            0            0            0
    190   -200   -180  0      8988.27  -0.00519617     0.115047            0            0            0            0            0            0
    170   -180   -160  0      10226.2  -0.00567455     0.114424            0            0            0            0            0            0
    150   -160   -140  0      11623.8  -0.00554713     0.113906            0            0            0            0            0            0
    130   -140   -120  0      12156.1   -0.0054933     0.113974            0            0            0            0            0            0
    110   -120   -100  1      12954.1   0.00444418     0.106661      589.367    -0.301986     0.140758            0            0            0
   97.5   -100    -95  1      3018.45   0.00174947     0.108766      123.266    -0.428231     0.149842            0            0            0
   92.5    -95    -90  1      2870.49  0.000538114     0.109621      105.987    -0.506088     0.141519            0            0            0
   87.5    -90    -85  1      2621.79   -0.0023042      0.11205      93.1427     -0.58506     0.168082            0            0            0
   82.5    -85    -80  2         2408 -0.000635077     0.109101        109.6    -0.751957     0.118427      97.7224    -0.337494     0.107511
     79    -80    -78  2      839.856  -0.00523532     0.111691       47.313    -0.836621     0.108205      21.7198    -0.375386     0.107497
     77    -78    -76  2      808.558   -0.0011377     0.114174      50.1228      -0.8658     0.115659      26.9433     -0.37609     0.124292
     75    -76    -74  2      715.846   0.00396571     0.109662      58.7314    -0.927594     0.108244      47.3031     -0.14082      0.23999
     73    -74    -72  2      706.647   0.00402901     0.106058      50.6599    -0.985453     0.113851      32.8643    -0.151276     0.288113
     71    -72    -70  2       649.87   0.00577253     0.107326      48.2273     -1.02827     0.115027        40.27    -0.123026     0.254859
     69    -70    -68  2      637.556   0.00183432     0.103917      51.5997     -1.07683     0.103345      34.1931    -0.152886      0.26498
     67    -68    -66  2      555.154   0.00265612     0.106789      54.7679     -1.12118     0.101582      29.6876    -0.166185     0.259744
     65    -66    -64  2       515.34   0.00882692     0.107651        47.93     -1.17126     0.114188      26.3285    -0.203832      0.23861
     63    -64    -62  2      422.116    0.0030461     0.115641      55.5159     -1.24021     0.109406      21.7709     -0.12386     0.295331
     61    -62    -60  2      399.995   0.00652613     0.111844      54.5197     -1.28989     0.116673      19.6282    -0.158039     0.305091
     59    -60    -58  2      371.782   0.00802404       0.1125      51.1078     -1.34924     0.121011      14.0983     -0.18523     0.331983
     57    -58    -56  2       328.29   0.00368417     0.112205      54.8116     -1.41618      0.12135      11.1138    -0.163894      0.34889
     55    -56    -54  2      261.259   0.00696004      0.11817      51.6441     -1.47527     0.124443      13.8997    -0.205452     0.286372
     53    -54    -52  2      271.647   0.00874714     0.115371      65.7363     -1.56907     0.110049      4.02889     -0.44711     0.382223
     51    -52    -50  2      235.237    0.0108297      0.11477      48.4882     -1.64395     0.119059      8.82451    -0.231893     0.348706
     49    -50    -48  2      195.202    0.0107623     0.129489      52.3205     -1.71523     0.121776      4.18199    -0.434129     0.350613
     47    -48    -46  2      186.754    0.0160354     0.117046      54.3658     -1.82404     0.120496       4.2876    -0.378742     0.444153
     45    -46    -44  2      150.723     0.015417      0.10538      42.2049     -1.89584     0.130864      9.20093    -0.180611     0.236811
     43    -44    -42  2      121.594   0.00904138     0.108495      50.7663     -2.00593      0.13393      20.5231   -0.0309052     0.248256
     41    -42    -40  2      115.503    0.0112669     0.121428      54.8646     -2.08285     0.121754      4.82855    -0.238918     0.327373
     39    -40    -38  2      87.0287    0.0156278     0.120378      48.6362     -2.21925     0.108165      2.49024    -0.345908     0.331546
     37    -38    -36  1      54.7447    0.0200956     0.160952      29.0204     -2.34012     0.136354            0            0            0
     35    -36    -34  1      33.4901    0.0333518     0.171637      23.9953     -2.42333     0.141397            0            0            0
     33    -34    -32  1      24.8884    0.0482975     0.181421      16.8201     -2.59596     0.135895            0            0            0
     31    -32    -30  1      18.2065    0.0600316     0.125113      9.30909     -2.76793     0.158564            0            0            0
     15    -30      0  0      3.63081   -0.0166216     0.383391            0            0            0            0            0            0
     30     20     40  0      8.34835    -0.207459     0.179051            0            0            0            0            0            0
     50     40     60  1      59.8663   -0.0501712     0.161689      168.472     -1.68318     0.271054            0            0            0
     61     60     62  1      11.2747    0.0365505     0.148317      32.0712     -1.32547     0.140989            0            0            0
     63     62     64  1      12.1841   0.00136987     0.172223      26.6161     -1.24045      0.15042            0            0            0
     65     64     66  1       14.476    0.0267593     0.144126       25.725     -1.19386     0.162882            0            0            0
     67     66     68  1      17.4192   0.00890728     0.122487      27.6988     -1.13158     0.145386            0            0            0
     69     68     70  1       17.418    0.0401931     0.141445      27.0908     -1.10002     0.167273            0            0            0
     71     70     72  1       23.773    0.0290466     0.124277      30.8248     -1.06721     0.134449            0            0            0
     73     72     74  1      21.4884    0.0444571     0.142918      32.8703     -1.02185     0.117554            0            0            0
     75     74     76  1      17.7072    0.0249683      0.16611       30.573    -0.944484     0.146796            0            0            0
     77     76     78  1      22.0699    0.0111734     0.146784      33.2066    -0.909734     0.143859            0            0            0
     79     78     80  1      32.0238    0.0219403     0.138028      25.0964    -0.854368     0.125055            0            0            0
     81     80     82  1      27.4803   0.00795313     0.141394      28.6335    -0.811921     0.127196            0            0            0
     83     82     84  1       31.737    0.0230364     0.139538      30.3493    -0.740124     0.140196            0            0            0
     85     84     86  1      34.3127    0.0126047     0.136567      35.1194     -0.73501     0.122779            0            0            0
     87     86     88  1      32.7287   0.00821392     0.143074      32.0347    -0.677155     0.135369            0            0            0
     89     88     90  1      47.8214    0.0108499     0.123193      27.8051    -0.666684     0.115994            0            0            0
     91     90     92  1      59.8523    0.0509086     0.113941      26.8327     -0.58382     0.135563            0            0            0
     93     92     94  1      52.4651    0.0304936      0.13615      22.2273    -0.575808     0.160784            0            0            0
     95     94     96  1      56.5708    0.0445675     0.128932      27.8634    -0.553041     0.128755            0            0            0
     97     96     98  1      59.5379    0.0318432     0.121721      25.1218     -0.51573     0.155095            0            0            0
     99     98    100  1      65.0619    0.0364959     0.123607      27.4035    -0.488137     0.142528            0            0            0
    101    100    102  1      76.6802      0.03352     0.113529      30.8992    -0.442629     0.131168            0            0            0
    103    102    104  1      83.7059    0.0379951     0.122009      26.8661    -0.417409     0.132775            0            0            0
    105    104    106  1      83.3238    0.0498248      0.11552      20.0342    -0.414182     0.173408            0            0            0
    107    106    108  1      80.6326    0.0443195     0.125104      28.8454    -0.366354     0.136856            0            0            0
    109    108    110  1      82.6365    0.0610372     0.113369      29.8573    -0.328594     0.160426            0            0            0
    111    110    112  1      74.0905    0.0481538     0.131999      32.4317    -0.266588     0.171463            0            0            0
    114    112    116  1      193.309    0.0231184     0.127237      65.3544    -0.295436     0.123605            0            0            0
    118    116    120  1      225.109     0.034267     0.118306       51.901    -0.277927     0.111928            0            0            0
    122    120    124  1      251.399     0.027555     0.116683      52.2811    -0.226357     0.120256            0            0            0
    126    124    128  1      278.922    0.0211851     0.119904      46.3704    -0.260981    0.0941509            0            0            0
    130    128    132  1      264.311    0.0319591     0.121433      66.1752    -0.195977    0.0967446            0            0            0
    134    132    136  0      290.609 -0.000739469     0.131787            0            0            0            0            0            0
    138    136    140  0      318.053   0.00634863     0.127015            0            0            0            0            0            0
    145    140    150  0      882.689    0.0172935     0.122341            0            0            0            0            0            0
    155    150    160  0       946.66    0.0163721     0.122407            0            0            0            0            0            0
    165    160    170  0      1014.29    0.0192693      0.11939            0            0            0            0            0            0
    175    170    180  0      991.279    0.0105739     0.122449            0            0            0            0            0            0
    185    180    190  0      991.323    0.0182821     0.123006            0            0            0            0            0            0
    195    190    200  0       959.21    0.0125765     0.127037            0            0            0            0            0            0
    205    200    210  0      964.013    0.0110884     0.126608            0            0            0            0            0            0
  212.5    210    215  0      442.888   0.00716064     0.129978            0            0            0            0            0            0
  217.5    215    220  0      436.427   0.00760559     0.129997            0            0            0            0            0            0
  222.5    220    225  0      428.977   0.00682704     0.134076            0            0            0            0            0            0
  227.5    225    230  0      431.115   0.00469438     0.129898            0            0            0            0            0            0
  232.5    230    235  0      391.949   0.00331925     0.132643            0            0            0            0            0            0
  237.5    235    240  0       392.49   0.00169929     0.127296            0            0            0            0            0            0
  242.5    240    245  0      405.615   0.00941818     0.124479            0            0            0            0            0            0
  247.5    245    250  0      390.959  -0.00135443     0.128169            0            0            0            0            0            0
  252.5    250    255  0      317.391   0.00497089     0.134498            0            0            0            0            0            0
  257.5    255    260  0      344.221   0.00849505     0.125045            0            0            0            0            0            0
  262.5    260    265  0      341.404   0.00598003     0.127705            0            0            0            0            0            0
  267.5    265    270  0      313.946   0.00723976     0.131545            0            0            0            0            0            0
    271    270    272  0      115.249   0.00878387     0.135397            0            0            0            0            0            0
    273    272    274  1      129.561   0.00544453      0.12226      339.909      2.23358     0.449449            0            0            0
    275    274    276  1       135.28  6.26803e-05      0.12289       272.07       2.0789     0.401395            0            0            0
    277    276    278  1      117.404 -0.000907984     0.129766      614.307      2.53272     0.531905            0            0            0
    279    278    280  1      127.473 -0.000571144     0.120255      243.565      2.03165     0.413307            0            0            0
    281    280    282  1      108.611  -0.00104944     0.122939      425.297      2.29933     0.482629            0            0            0
    283    282    284  1      116.621  -0.00461903     0.119712      284.681      2.08246     0.415676            0            0            0
    285    284    286  1      99.8411   0.00617296      0.12534      798.065       2.6382      0.57335            0            0            0
    287    286    288  1      105.111    0.0100962     0.124673      1372.21      2.84495     0.607783            0            0            0
    289    288    290  1      112.152  -0.00614568     0.124179      3491.14      3.16827       0.6384            0            0            0
    291    290    292  1      92.7885   0.00826351     0.131282      6244.88      3.61936     0.751038            0            0            0
    293    292    294  1      104.155  -0.00257989     0.126231       161760      5.29917      1.00263            0            0            0
    295    294    296  1      101.765   0.00210908     0.124576      998.587      2.62628     0.567556            0            0            0
    297    296    298  1      94.7506   0.00230394     0.119015      13497.3      3.79028     0.770135            0            0            0
    299    298    300  1      89.9281   -0.0203414     0.129935      201.851      1.88899     0.411861            0            0            0
    301    300    302  1      90.0017   0.00568852     0.128252      158.512      1.64944     0.321445            0            0            0
    303    302    304  1      98.9383    0.0035387     0.118296      249.973      1.93326     0.421959            0            0            0
    305    304    306  1      75.4782  -0.00614325     0.126664      517.497      2.28989     0.506241            0            0            0
    307    306    308  1      83.7051   0.00225135     0.129297      699.225       2.4348     0.553713            0            0            0
    309    308    310  1      83.8121   -0.0106634     0.120407      415.042      2.24274     0.533657            0            0            0
    311    310    312  1      85.3504  -0.00765856     0.118822      167.208      1.60216     0.326514            0            0            0
    313    312    314  1       85.513   0.00488369     0.116858      183.419      1.68469     0.356937            0            0            0
    315    314    316  1      78.0502   -0.0135117     0.124831      434.943      2.07875      0.46253            0            0            0
    317    316    318  1      90.6874   0.00127745     0.110032      177.332      1.64789      0.35574            0            0            0
    319    318    320  1      65.8819  -0.00936985      0.12659      247.472      1.87158     0.423591            0            0            0
    321    320    322  1      66.0266  -0.00566257     0.129645      234.845      1.75554     0.396427            0            0            0
    323    322    324  1      68.8295    0.0113001     0.132587      325.663      1.92252     0.435653            0            0            0
    325    324    326  1      74.2244   0.00615856     0.111337      214.818      1.71687     0.384225            0            0            0
    327    326    328  1      67.5474   0.00401566     0.120701      227.885      1.68887     0.372022            0            0            0
    329    328    330  1      57.9807   -0.0223795      0.14139      284.099      1.79893     0.395105            0            0            0
    331    330    332  1      65.7736    -0.016641     0.123599      295.628      1.88857     0.446299            0            0            0
    333    332    334  1      68.0165   0.00626943    0.0997183      3279.93         2.93     0.647559            0            0            0
    335    334    336  1      58.6181    -0.017227     0.127911       1175.9      2.50198     0.581916            0            0            0
    337    336    338  1      60.8841   -0.0110864     0.122381      400.236      1.94665     0.449046            0            0            0
    339    338    340  1      56.4857  -0.00713624     0.140126       2263.7      2.82642      0.65843            0            0            0
    341    340    342  1      52.4095    -0.011711     0.122893      1266.36      2.51401     0.595506            0            0            0
    343    342    344  1      50.2837   0.00940311     0.122427      365.777      1.80901     0.382765            0            0            0
    345    344    346  1      52.3297  -0.00900505     0.129496       673.64      2.01944     0.443591            0            0            0
    347    346    348  1      42.6494  -0.00210297     0.136064       222879      4.70576       0.9003            0            0            0
    349    348    350  1      44.6551   -0.0148081     0.141465      2241.12      2.66492     0.614819            0            0            0
    351    350    352  1      42.6522    0.0125242     0.137535      1470.23      2.43902     0.557861            0            0            0
    353    352    354  1      51.0607   -0.0126782     0.113867      724.899      2.02434     0.455556            0            0            0
    355    354    356  1      45.4059   -0.0111774     0.113706      27126.4      3.49773     0.709057            0            0            0
    357    356    358  1      44.8311   -0.0129232     0.125137      172.831      1.51447     0.356845            0            0            0
    359    358    360  1      33.1151   0.00130627     0.134192      144.108      1.35358     0.307555            0            0            0
    361    360    362  1      46.7721  -0.00644283     0.122181      1832.58      2.28823     0.491541            0            0            0
    363    362    364  1      43.4136  -0.00451503     0.125384      233.654      1.55353      0.36917            0            0            0
    365    364    366  1      37.9174  -0.00786382     0.136501      115.131      1.23906     0.262826            0            0            0
    367    366    368  1      33.2357   -0.0146131       0.1319      153.983      1.38928     0.320307            0            0            0
    369    368    370  1      37.0721   -0.0364137     0.121372      293.395      1.61692     0.367162            0            0            0
    371    370    372  1      34.5171   -0.0210154      0.12876      292.508      1.62593     0.375755            0            0            0
    373    372    374  1      37.8264    0.0102055     0.105823      347.204      1.67432     0.400587            0            0            0
    375    374    376  1       32.962   0.00178759     0.133606      180.776      1.39127     0.309082            0            0            0
    377    376    378  1      43.6452   -0.0131408    0.0982914      256.272      1.55677     0.365209            0            0            0
    379    378    380  1      33.4398    0.0135334     0.125989      296.441      1.56371     0.362492            0            0            0
    381    380    382  1      38.3353   0.00372629    0.0929497      343.573       1.6197     0.382169            0            0            0
    383    382    384  1      25.6913    0.0113235     0.127953      164.447      1.24204     0.267046            0            0            0
    385    384    386  1      29.1567  0.000431925     0.123809      20019.5      3.19508     0.666698            0            0            0
    387    386    388  1       25.018  -0.00171095     0.127886      290.768      1.58108     0.386591            0            0            0
    389    388    390  1       25.425   -0.0140766     0.129494      6495.27      2.77749      0.60711            0            0            0
    391    390    392  1      30.4734   -0.0430516     0.107943      309.672      1.49425     0.335468            0            0            0
    393    392    394  1      24.7588    0.0065811    0.0949696      317.903      1.50304      0.34159            0            0            0
    395    394    396  1      31.8345   0.00773846     0.122591      246.093      1.51107       0.3693            0            0            0
    397    396    398  1      26.1888   -0.0278302       0.1095       1276.9      2.06697     0.483858            0            0            0
    399    398    400  1       26.197   -0.0161063     0.110225      870.136      1.84882     0.419892            0            0            0
    401    400    402  1      15.7929   -0.0244352     0.137942      537.532      1.75509     0.419908            0            0            0
    403    402    404  1      17.6086   -0.0251015     0.130025      437.135      1.59638     0.379493            0            0            0
    405    404    406  1      18.0814   -0.0152119     0.154458      295.594      1.35252     0.284341            0            0            0
    407    406    408  1      16.0004   -0.0146681     0.149932      351.153      1.52986      0.35905            0            0            0
    409    408    410  1      13.3428   -0.0287688     0.122429      341.368      1.50656     0.354369            0            0            0
    411    410    412  1      12.0529   -0.0119926     0.152419      111.042      1.07752      0.22953            0            0            0
    413    412    414  1       19.874   -0.0101333     0.127691      190.708      1.41181     0.362047            0            0            0
    415    414    416  1      16.0695   0.00148555     0.100769      190.585      1.30734     0.320656            0            0            0
    417    416    418  1      12.1269 -0.000299859     0.137212      239.366      1.37738     0.330515            0            0            0
    419    418    420  1      15.6599  -0.00718721     0.143203      8967.04      2.35798     0.481855            0            0            0
    421    420    422  1      16.1464    0.0133407     0.104946      166.046      1.20238     0.276965            0            0            0
    423    422    424  1      15.4287   -0.0312373     0.108001      1078.98      2.21564     0.555711            0            0            0
    425    424    426  1      10.9979   -0.0488174     0.152256      39.6877     0.751259     0.127977            0            0            0
    427    426    428  1      14.0195    -0.053102     0.128968      43.1555     0.911107     0.215753            0            0            0
    429    428    430  1      17.4786   -0.0148354    0.0992825      42.0167      2.67088     0.878621            0            0            0
    431    430    432  1      12.7349    -0.014988     0.128116      183.284       1.7635     0.496021            0            0            0
    433    432    434  1      11.5395     0.022441     0.142813      9.28891     0.622525      0.13124            0            0            0
    435    434    436  1      16.9724   -0.0214834     0.115094       364915      3.34053     0.606538            0            0            0
    437    436    438  1      16.3468   0.00534072     0.109799   1.3019e+07      4.49603     0.747756            0            0            0
    437    436    438  1      16.3353   0.00498151     0.109382  5.15037e+08      5.62839     0.856778            0            0            0
    439    438    440  1      12.3811  -0.00671394      0.11435  9.56158e+08       6.0711      0.91779            0            0            0
    441    440    442  1       12.312   -0.0224535     0.120235   5.6042e+07      5.01395     0.808891            0            0            0
    443    442    444  1      18.0707    0.0157634    0.0824373       296213      3.55219     0.672954            0            0            0
    445    444    446  1      10.8491   0.00768049     0.088915      2140.91      1.88559     0.425024            0            0            0
    447    446    448  1      13.6839   -0.0541447     0.121878      451.772      1.38057      0.31185            0            0            0
    449    448    450  1      10.0848   -0.0305211     0.132645      38379.7      2.76305     0.554791            0            0            0
    451    450    452  1      7.56905    0.0110779     0.161107      1461.45       1.6963     0.373215            0            0            0
    453    452    454  1      9.54427    0.0473654    0.0945416      337.657      1.18762     0.249461            0            0            0
    457    454    460  1      26.3836   -0.0058299     0.115882       405217      3.05007     0.587185            0            0            0
  462.5    460    465  1      22.3698   -0.0210365        0.104      2218.97      1.42481     0.303497            0            0            0
  467.5    465    470  1      15.8261   -0.0234616     0.145306  1.20954e+06      3.13823     0.571078            0            0            0
  472.5    470    475  1      14.5688   -0.0355011    0.0958131      30578.2      2.10152     0.428598            0            0            0
  477.5    475    480  1      15.8206   -0.0300349     0.137338  9.46004e+06      3.33133     0.557505            0            0            0
  482.5    480    485  1      16.3294   -0.0188665     0.105252  4.04436e+07      3.79846     0.619933            0            0            0
  487.5    485    490  1      8.25244   -0.0709031      0.13667  4.94335e+08      4.42931     0.684737            0            0            0
  492.5    490    495  1       14.031   -0.0165756    0.0969522  1.30987e+09      4.35892     0.651022            0            0            0
  497.5    495    500  1      9.86043   -0.0910172     0.091592  3.90596e+10      5.17247     0.724718            0            0            0
  502.5    500    505  1      16.1425 -0.000627209      0.11222  6.34413e+11      5.74206     0.764516            0            0            0
  507.5    505    510  1      7.83912   -0.0433423    0.0977145  1.19826e+13      6.11658     0.772013            0            0            0
  512.5    510    515  1      12.5388   -0.0784187    0.0872782  8.30097e+13      6.55744     0.805714            0            0            0
  517.5    515    520  1      10.7097   -0.0298578     0.109924  5.30308e+14      7.00552     0.840489            0            0            0
  522.5    520    525  1      8.98152    0.0347486     0.107816  1.33839e+15      6.94592     0.820414            0            0            0
    550    525    575  1      47.0316   -0.0105809      0.11978      4235.17     0.854774     0.202768            0            0            0
    600    575    625  1      24.0662  -0.00357014     0.159943      7974.43     0.821279     0.193078            0            0            0
